-1435.55 -1710.57 -1700.52 -1852.55
-1495.91 -1944.44 -1965.68 -1758.84
-1365.09 -1741.58 -2018.73 -1617.66
-798.93 -928.02 -918.77 -1095.12
-1387.51 -1777.51 -2025.74 -1634.24
-856.08 -1223.55 -1073.32 -1012.63
-1561.00 -1825.78 -1808.63 -1794.29
-1561.00 -1825.78 -1808.63 -1794.29
-1561.00 -1825.78 -1808.63 -1794.29
-1561.00 -1825.78 -1808.63 -1794.29
-1561.00 -1825.78 -1808.63 -1794.29
-1400.28 -1795.25 -1996.68 -1651.76
-1330.22 -1683.59 -1957.63 -1574.59
-1483.04 -1752.79 -1758.76 -1864.31
-1359.94 -1987.85 -1717.88 -1622.78
-1332.74 -1686.87 -1978.27 -1580.99
-1407.99 -1655.05 -1613.03 -1828.72
-1355.62 -1976.12 -1701.99 -1597.91
-1358.87 -1980.36 -1706.60 -1606.63
-1485.16 -1762.11 -1764.38 -1886.00
