-0.2593 1450
A_NA_N1 -0.672333333333333 -0.540651111111111 -0.417317777777778 -0.362 -0.284354444444444 -0.218133333333333 -0.1982 -0.1916 -0.183133333333333 -0.1774 -0.169133333333333 -0.1656 -0.138333333333333 -0.112466666666667 -0.0983388888888889 -0.0871333333333333 -0.0780166666666668 -0.0692666666666667 -0.0630666666666667 -0.0584666666666667 -0.0516666666666667 -0.0449333333333333 -0.0354 -0.0330666666666667
A_NA_N2 -0.258466666666667 -0.214272444444444 -0.1826 -0.1676 -0.1598 -0.152151111111111 -0.1466 -0.141066666666667 -0.140266666666667 -0.135733333333333 -0.130666666666667 -0.1256 -0.108733333333333 -0.0974 -0.0899333333333333 -0.0835333333333333 -0.0782 -0.0735333333333333 -0.0691333333333333 -0.0643333333333333 -0.0543333333333333 -0.047 -0.0358 -0.0318
A_NA_N3 -0.2668 -0.247577755555556 -0.227887777777778 -0.216044 -0.2084 -0.202333333333333 -0.1992 -0.196866666666667 -0.193733333333333 -0.1926 -0.191 -0.188266666666667 -0.1782 -0.1708 -0.1646 -0.163104444444444 -0.1594 -0.152133333333333 -0.1464 -0.138866666666667 -0.126133333333333 -0.1156 -0.0999333333333333 -0.0940666666666667
A_NA_N4 -0.628933333333333 -0.608399933333333 -0.578177555555556 -0.5626 -0.550310444444444 -0.541376888888889 -0.5314 -0.522066666666667 -0.513442888888889 -0.505376 -0.497133333333333 -0.489508888888889 -0.451866666666667 -0.422706666666667 -0.401 -0.384333333333333 -0.368733333333333 -0.3542 -0.3404 -0.3278 -0.305466666666667 -0.283733333333333 -0.247666666666667 -0.227466666666667
A_NA_N5 -0.680266666666667 -0.608444422222222 -0.541599333333333 -0.516066666666667 -0.497666666666667 -0.486666666666667 -0.477933333333333 -0.470066666666667 -0.462 -0.455266666666667 -0.448618222222222 -0.440817777777778 -0.404466666666667 -0.37 -0.345572222222222 -0.3258 -0.305266666666667 -0.277333333333333 -0.248101111111111 -0.223333333333333 -0.190333333333333 -0.1722 -0.144066666666667 -0.131466666666667
A_NA_N6 -0.655733333333333 -0.570955444444444 -0.489951777777778 -0.42602 -0.387266666666667 -0.362043555555556 -0.342533333333333 -0.322909777777778 -0.3062 -0.292394666666667 -0.280866666666667 -0.2708 -0.2386 -0.2142 -0.196466666666667 -0.186733333333333 -0.17737 -0.1736 -0.168634444444444 -0.161533333333333 -0.1536 -0.142866666666667 -0.1236 -0.114866666666667
A_NA_N7 -0.433266666666667 -0.368821311111111 -0.334999333333333 -0.3168 -0.303243777777778 -0.291933333333333 -0.2882 -0.282843111111111 -0.275 -0.27 -0.265666666666667 -0.261066666666667 -0.2444 -0.217333333333333 -0.195333333333333 -0.179866666666667 -0.169533333333333 -0.162368888888889 -0.157866666666667 -0.153466666666667 -0.1484 -0.143266666666667 -0.130333333333333 -0.122266666666667
A_NA_N8 -0.682066666666667 -0.661688511111111 -0.617844222222222 -0.590910666666667 -0.568333333333333 -0.551533333333333 -0.53291 -0.511466666666667 -0.493976222222222 -0.475242666666667 -0.460442444444444 -0.4446 -0.3796 -0.323466666666667 -0.270133333333333 -0.228066666666667 -0.2008 -0.178133333333333 -0.157666666666667 -0.139066666666667 -0.1204 -0.114 -0.101 -0.0984666666666666
A_NA_N9 -0.597066666666667 -0.538287911111111 -0.429533333333333 -0.3536 -0.303818888888889 -0.272466666666667 -0.25031 -0.235976444444444 -0.220552444444444 -0.211218666666667 -0.202466666666667 -0.1984 -0.171015555555556 -0.15624 -0.144666666666667 -0.1368 -0.129933333333333 -0.123666666666667 -0.1204 -0.1192 -0.113733333333333 -0.108533333333333 -0.0990244444444443 -0.0922
B_NA -0.1752 -0.127133266666667 -0.0947326666666666 -0.0798 -0.0737313333333333 -0.0676 -0.0656 -0.0646 -0.064 -0.0612 -0.0607333333333333 -0.0598 -0.056 -0.0507333333333333 -0.0458 -0.042 -0.0384666666666667 -0.0362 -0.0342 -0.0326666666666667 -0.0304666666666667 -0.0282 -0.0259333333333333 -0.0247333333333333
