-6.35 -7.29 -8.75 -8.52 -7.24 -6.71 -7.68 -6.25 -6.60 -9.29 -7.93 -7.75 -9.83 -7.42 -5.94 -7.48 -7.58 -8.98 -7.18 -7.70 -6.65 -7.31 -7.00 -6.12 -8.07 -5.53 -6.69 -9.75 -2285.37 -7.84 -7.11 -6.66 -6.87 -6.93 -7.02 -6.17 -14.95 -7.04 -7.11
-7.23 -5.51 -7.35 -8.50 -7.22 -8.00 -7.51 -6.25 -8.23 -7.55 -7.73 -12.19 -6.83 -7.39 -6.44 -8.98 -7.56 -6.46 -7.08 -6.53 -6.23 -7.21 -7.92 -14.26 -7.04 -7.30 -9.40 -6.94 -2401.38 -8.37 -7.09 -7.14 -7.53 -6.87 -6.95 -7.90 -18.39 -5.42 -7.45
-7.23 -7.06 -7.35 -8.50 -7.22 -8.00 -7.47 -7.45 -8.23 -8.59 -7.73 -12.19 -7.19 -7.39 -6.74 -8.98 -7.56 -6.46 -7.90 -7.07 -6.28 -7.21 -7.92 -14.26 -7.84 -6.74 -9.40 -6.94 -2384.74 -8.37 -9.24 -7.14 -7.57 -6.87 -7.44 -7.90 -15.74 -5.42 -7.45
-7.08 -7.06 -6.78 -9.14 -9.24 -7.13 -6.33 -8.98 -7.77 -8.84 -8.28 -7.91 -6.83 -10.83 -6.31 -9.27 -7.56 -7.05 -7.90 -6.91 -6.71 -6.55 -10.29 -7.39 -8.17 -7.00 -7.41 -6.94 -2610.64 -8.34 -8.05 -7.35 -10.93 -7.75 -6.39 -6.83 -11.19 -8.18 -6.92
-6.85 -7.31 -6.83 -8.93 -7.04 -7.22 -8.24 -9.41 -10.13 -8.77 -7.78 -9.18 -9.12 -6.80 -6.36 -7.96 -7.99 -7.69 -6.24 -9.48 -7.49 -7.01 -11.44 -6.53 -8.07 -6.12 -7.88 -6.37 -1714.65 -6.79 -9.10 -7.78 -8.75 -7.37 -6.58 -7.25 -10.80 -7.03 -6.96
-6.81 -7.32 -6.67 -8.01 -8.34 -6.82 -9.03 -7.97 -10.14 -9.28 -7.79 -7.54 -9.83 -6.81 -5.89 -7.61 -7.99 -7.71 -5.82 -9.49 -7.30 -5.76 -11.45 -6.70 -7.36 -7.29 -6.93 -6.38 -1677.26 -7.00 -7.60 -7.78 -8.61 -7.38 -6.59 -7.24 -17.00 -6.02 -7.76
-10.54 -6.37 -7.05 -9.56 -5.66 -7.74 -9.68 -9.16 -5.81 -6.15 -9.32 -6.91 -7.83 -6.38 -6.65 -6.16 -5.62 -8.29 -7.47 -9.91 -7.02 -7.78 -16.02 -7.86 -10.74 -8.15 -6.97 -6.85 -10.37 -2721.04 -8.48 -7.13 -6.88 -6.99 -7.09 -7.74 -10.97 -67.05 -9.88
-7.00 -6.85 -7.64 -5.86 -5.87 -10.03 -5.63 -7.40 -5.66 -7.84 -7.49 -6.83 -7.44 -6.21 -6.62 -6.93 -5.62 -6.66 -8.35 -6.12 -8.72 -11.02 -12.36 -7.38 -8.56 -7.34 -8.21 -8.64 -8.51 -2690.37 -7.69 -5.18 -10.98 -9.13 -7.93 -7.74 -7.11 -45.87 -9.88
-10.54 -6.50 -7.05 -9.56 -6.15 -10.03 -7.58 -9.16 -6.66 -6.53 -10.26 -7.19 -8.96 -6.81 -7.72 -7.38 -5.62 -8.29 -7.47 -9.06 -7.02 -8.61 -16.02 -6.42 -10.74 -8.34 -10.22 -7.79 -10.37 -2687.49 -9.04 -7.13 -8.08 -6.99 -7.27 -6.57 -10.97 -65.17 -8.58
-7.06 -6.57 -7.64 -7.07 -5.63 -10.11 -6.35 -9.16 -5.66 -6.44 -7.94 -7.67 -6.55 -8.32 -6.64 -6.60 -5.62 -6.43 -9.05 -11.35 -8.62 -6.07 -9.77 -7.38 -8.56 -7.34 -6.32 -6.80 -8.51 -2725.53 -7.69 -6.20 -8.08 -10.59 -7.93 -7.74 -7.11 -55.18 -9.88
-7.08 -7.02 -7.97 -7.07 -6.73 -10.11 -6.54 -9.16 -6.01 -6.44 -7.49 -7.17 -6.55 -8.32 -6.64 -6.60 -5.62 -7.45 -8.03 -11.35 -8.37 -5.93 -9.26 -7.99 -10.74 -7.24 -7.16 -6.80 -8.51 -2684.36 -6.95 -6.20 -8.08 -10.59 -7.93 -9.26 -7.11 -52.98 -9.55
-10.54 -7.91 -7.05 -9.56 -5.66 -7.74 -7.58 -9.16 -8.18 -8.03 -7.11 -6.91 -7.83 -6.38 -7.89 -6.32 -5.62 -8.29 -7.47 -8.55 -7.22 -7.16 -16.02 -7.76 -10.74 -8.15 -10.22 -7.76 -10.37 -2710.15 -8.48 -7.13 -6.88 -6.46 -7.09 -7.74 -7.85 -68.76 -9.88
-6.62 -6.63 -6.84 -6.00 -6.81 -5.97 -7.31 -7.37 -8.49 -8.43 -6.72 -5.51 -7.63 -7.04 -6.53 -5.48 -5.70 -7.00 -5.01 -7.32 -6.72 -5.82 -7.37 -7.79 -9.62 -7.27 -7.77 -6.20 -7.37 -8.17 -2714.14 -9.46 -9.27 -8.85 -8.60 -7.13 -8.97 -7.43 -19.89
-6.81 -8.56 -12.00 -11.25 -6.21 -6.21 -8.00 -6.99 -8.61 -6.35 -7.65 -9.02 -8.95 -7.80 -8.37 -7.08 -8.64 -8.70 -7.83 -9.40 -6.36 -5.62 -8.20 -5.97 -6.00 -8.15 -7.52 -8.28 -8.01 -7.57 -2602.33 -6.92 -10.02 -9.71 -7.42 -7.52 -6.52 -7.34 -18.89
-7.97 -8.57 -11.74 -9.50 -6.21 -5.97 -8.00 -7.74 -8.61 -7.51 -7.29 -7.34 -7.95 -7.80 -5.54 -6.48 -8.64 -7.38 -7.84 -6.61 -6.36 -4.73 -6.73 -7.33 -6.00 -6.55 -7.47 -8.29 -8.25 -7.58 -2606.34 -6.93 -6.86 -9.72 -6.87 -8.15 -7.88 -6.80 -19.93
-7.69 -6.98 -5.98 -5.88 -7.29 -12.28 -7.23 -7.46 -6.47 -6.54 -7.31 -10.11 -5.95 -7.43 -7.22 -9.91 -6.18 -25.55 -1745.63 -37.05 -21.47 -30.99 -32.93 -45.20 -30.99 -22.51 -8.29 -10.06 -7.47 -8.65 -7.67 -9.26 -8.27 -7.68 -6.52 -6.33 -7.89 -9.22 -11.30
-6.57 -6.03 -7.49 -6.55 -7.54 -7.94 -6.54 -8.43 -7.93 -9.34 -8.34 -5.97 -5.97 -7.67 -12.70 -7.79 -4.74 -8.39 -5.45 -6.31 -5.96 -5.86 -6.33 -5.57 -5.96 -7.21 -7.84 -6.99 -7.44 -8.88 -2366.88 -11.18 -7.48 -9.07 -7.85 -7.42 -8.99 -7.49 -18.29
-7.76 -6.01 -6.09 -6.51 -7.17 -8.89 -8.00 -6.66 -8.73 -8.07 -9.35 -6.63 -10.92 -5.01 -8.20 -6.99 -5.70 -7.00 -5.91 -6.08 -6.28 -7.66 -6.54 -7.76 -9.62 -8.40 -7.23 -6.20 -10.35 -6.93 -2635.37 -6.51 -9.02 -6.06 -7.20 -5.79 -8.96 -6.59 -23.24
-6.50 -5.96 -9.61 -6.93 -7.47 -7.14 -6.47 -8.37 -7.87 -9.28 -7.40 -7.85 -6.03 -7.17 -12.64 -7.73 -4.74 -8.33 -5.01 -5.60 -5.73 -5.79 -4.86 -6.68 -6.92 -7.15 -9.03 -7.47 -7.37 -8.82 -2555.11 -6.86 -7.42 -6.58 -7.78 -7.36 -8.93 -7.43 -18.22
-7.69 -6.98 -5.98 -5.88 -7.29 -12.28 -7.23 -7.46 -6.47 -6.54 -7.31 -10.11 -5.95 -7.43 -7.22 -9.91 -4.86 -25.55 -1739.83 -37.01 -21.47 -30.99 -35.25 -46.19 -30.99 -22.51 -8.29 -10.06 -7.47 -8.65 -7.79 -9.26 -8.27 -7.68 -6.52 -6.33 -7.89 -9.22 -11.30
-24.78 -19.38 -19.42 -31.28 -29.23 -32.83 -40.35 -35.74 -35.21 -23.43 -19.54 -26.38 -32.20 -22.74 -27.83 -22.93 -6.00 -8.30 -7.02 -9.81 -5.75 -7.86 -6.43 -6.47 -9.40 -6.09 -7.19 -7.91 -10.52 -7.04 -8.97 -2130.93 -8.46 -8.01 -9.52 -6.73 -9.58 -6.82 -10.60
-27.09 -19.18 -21.54 -33.95 -30.77 -33.31 -35.19 -31.36 -40.10 -23.91 -15.57 -29.67 -35.62 -24.92 -33.63 -25.11 -5.97 -8.28 -6.99 -9.78 -8.20 -7.84 -7.35 -6.45 -9.37 -7.24 -9.41 -7.89 -10.50 -7.02 -8.97 -2203.44 -8.43 -7.21 -9.50 -5.93 -9.56 -7.23 -10.57
-26.47 -19.19 -21.86 -34.15 -41.57 -28.94 -40.73 -32.45 -40.38 -23.04 -20.52 -30.15 -35.99 -25.17 -33.82 -25.57 -5.89 -8.28 -7.48 -9.81 -5.47 -8.88 -6.17 -5.75 -6.19 -11.61 -9.44 -8.71 -8.27 -6.69 -9.00 -2106.89 -6.44 -6.23 -7.66 -7.39 -6.94 -7.26 -10.59
-26.45 -19.17 -21.84 -34.13 -41.82 -33.33 -40.99 -34.47 -40.36 -23.02 -20.50 -30.13 -35.97 -25.15 -33.80 -25.55 -5.86 -8.26 -7.46 -9.78 -7.77 -6.89 -6.15 -5.72 -6.26 -11.12 -9.41 -8.69 -8.25 -6.67 -8.97 -2156.55 -6.05 -6.20 -7.94 -7.36 -6.92 -7.23 -10.57
-28.02 -19.47 -17.61 -32.23 -32.79 -34.60 -36.67 -31.95 -38.32 -21.52 -18.93 -29.15 -36.58 -24.09 -30.96 -22.99 -5.97 -8.28 -6.99 -9.78 -5.72 -7.84 -5.88 -6.45 -9.37 -6.07 -6.92 -7.89 -10.50 -7.02 -8.94 -2194.10 -8.43 -7.99 -9.50 -5.93 -9.56 -7.23 -10.57
-26.45 -19.17 -21.84 -32.33 -35.63 -31.43 -42.56 -31.55 -40.63 -21.21 -15.48 -27.53 -34.79 -25.15 -33.97 -24.39 -5.86 -7.72 -7.09 -8.40 -7.77 -6.89 -6.15 -5.97 -6.26 -11.59 -9.41 -9.53 -9.19 -7.94 -8.97 -2141.08 -7.64 -6.79 -7.63 -7.36 -6.92 -7.23 -10.57
-7.25 -8.19 -8.99 -8.16 -6.51 -7.43 -6.94 -6.52 -7.07 -7.10 -9.78 -6.98 -6.35 -7.16 -6.37 -7.53 -5.86 -7.09 -7.41 -9.19 -6.00 -6.41 -8.53 -6.30 -6.07 -5.96 -11.96 -7.08 -7.50 -9.85 -10.19 -7.11 -1371.43 -8.22 -9.74 -7.41 -7.25 -8.03 -9.81
-7.25 -8.19 -8.13 -8.15 -6.51 -7.43 -6.94 -6.52 -7.07 -7.10 -9.78 -6.97 -6.35 -8.60 -7.13 -6.55 -5.86 -8.33 -7.41 -9.18 -6.00 -6.41 -8.53 -5.91 -7.49 -5.96 -11.96 -7.08 -7.50 -9.85 -10.19 -7.11 -1382.05 -9.27 -9.74 -7.41 -6.80 -8.03 -9.81
-9.05 -7.62 -6.46 -8.83 -7.12 -7.46 -6.26 -6.55 -7.11 -7.13 -9.81 -7.54 -8.19 -8.64 -7.16 -7.56 -5.90 -8.37 -9.92 -9.27 -6.04 -6.44 -8.57 -5.87 -6.20 -6.00 -12.00 -7.12 -9.11 -9.88 -9.74 -7.15 -1313.45 -7.46 -9.78 -6.79 -8.51 -7.54 -9.85
-9.01 -8.19 -7.98 -6.70 -7.08 -7.43 -6.22 -6.52 -7.07 -7.10 -9.78 -6.98 -8.25 -7.16 -7.13 -6.63 -5.86 -6.19 -9.88 -9.23 -6.20 -6.41 -8.53 -5.83 -7.30 -5.96 -11.96 -7.08 -9.94 -9.85 -10.19 -7.11 -1371.91 -7.42 -9.74 -6.75 -8.47 -7.51 -9.81
-9.01 -8.19 -8.99 -8.82 -7.08 -6.60 -6.22 -6.52 -7.07 -8.02 -9.78 -6.98 -8.25 -7.16 -7.13 -6.62 -5.86 -7.15 -10.60 -9.23 -6.20 -6.41 -7.32 -5.68 -7.30 -5.96 -11.96 -7.08 -9.22 -9.85 -10.19 -7.11 -1360.85 -7.42 -9.74 -6.04 -8.47 -7.51 -9.81
-9.09 -8.27 -8.06 -7.65 -6.14 -7.50 -7.02 -7.52 -7.15 -7.17 -9.86 -7.05 -8.23 -7.24 -7.20 -6.70 -6.51 -7.23 -9.89 -9.31 -5.64 -5.86 -8.61 -6.37 -7.38 -5.98 -7.59 -7.16 -8.40 -9.93 -8.16 -6.96 -1250.80 -7.48 -7.46 -7.65 -8.55 -7.58 -9.89
-7.00 -6.16 -7.79 -6.59 -9.39 -8.75 -8.19 -8.39 -7.21 -6.65 -7.07 -6.12 -8.71 -7.22 -12.80 -7.69 -6.81 -13.80 -7.87 -14.56 -11.66 -19.63 -9.65 -10.64 -13.22 -12.86 -6.74 -7.52 -7.78 -9.23 -8.57 -6.37 -7.40 -1848.51 -8.86 -9.59 -6.44 -8.63 -8.73
-6.14 -7.67 -7.79 -6.59 -9.75 -8.75 -8.18 -8.39 -6.96 -6.65 -7.07 -6.18 -7.26 -6.87 -12.80 -8.34 -5.81 -12.90 -9.00 -12.43 -11.15 -15.89 -11.14 -10.30 -12.42 -10.03 -6.74 -7.52 -7.78 -9.23 -8.77 -6.29 -7.40 -1837.42 -6.43 -9.59 -6.44 -8.63 -8.73
-6.86 -7.67 -7.79 -6.59 -10.40 -8.75 -8.18 -8.39 -6.96 -6.65 -7.07 -6.12 -7.26 -6.87 -12.80 -8.34 -5.81 -13.80 -7.87 -14.56 -10.55 -19.04 -10.10 -10.64 -14.70 -12.86 -7.93 -7.52 -7.78 -9.23 -8.77 -6.37 -7.40 -1847.88 -8.86 -9.59 -6.07 -8.63 -8.73
-7.01 -6.52 -7.79 -8.33 -10.40 -8.75 -7.48 -8.39 -5.97 -5.81 -6.51 -6.97 -8.71 -7.34 -8.95 -8.45 -6.82 -11.28 -7.89 -12.43 -9.87 -21.34 -9.65 -15.36 -13.70 -13.63 -7.41 -7.53 -7.78 -9.20 -8.78 -6.38 -8.21 -1808.52 -12.99 -9.59 -6.44 -7.93 -9.48
-8.73 -6.98 -9.52 -8.04 -7.29 -9.96 -7.74 -9.30 -7.51 -5.24 -6.81 -9.77 -7.41 -8.70 -7.09 -7.48 -7.34 -27.12 -1679.74 -36.92 -23.01 -32.26 -31.63 -48.37 -33.13 -26.87 -7.02 -8.75 -8.94 -8.65 -8.28 -8.17 -11.44 -7.50 -6.74 -6.71 -8.24 -7.76 -11.30
-6.36 -7.71 -6.90 -9.67 -9.34 -8.79 -6.92 -8.43 -7.00 -6.69 -7.12 -6.22 -7.30 -6.91 -12.84 -8.39 -5.86 -12.94 -7.91 -14.60 -10.59 -16.10 -10.14 -9.16 -12.46 -11.50 -6.78 -7.56 -7.82 -9.27 -8.81 -6.42 -7.45 -1756.65 -8.90 -9.63 -6.48 -6.97 -8.77
-7.38 -6.90 -8.17 -8.51 -10.78 -9.13 -7.86 -7.17 -6.35 -6.07 -6.68 -7.35 -9.09 -7.72 -9.33 -8.83 -7.20 -11.66 -8.27 -12.81 -10.25 -21.72 -10.03 -15.73 -14.08 -14.01 -9.27 -7.65 -8.16 -7.70 -9.16 -8.23 -8.59 -1220.08 -7.83 -10.82 -6.64 -8.30 -9.86
-6.06 -6.41 -7.24 -9.34 -6.60 -9.53 -5.37 -6.35 -6.42 -8.10 -7.98 -6.41 -11.66 -7.42 -8.36 -9.30 -6.04 -9.75 -6.63 -7.04 -7.03 -5.90 -7.13 -6.17 -6.68 -7.05 -18.18 -7.93 -6.30 -7.34 -7.35 -6.86 -7.78 -8.24 -2157.60 -8.59 -6.57 -8.02 -8.26
-6.76 -6.41 -7.09 -9.34 -6.60 -9.53 -7.61 -6.35 -6.42 -8.10 -7.98 -6.41 -9.34 -7.42 -8.36 -9.30 -6.04 -9.75 -5.72 -7.04 -7.70 -5.90 -7.13 -6.17 -5.69 -7.05 -22.02 -8.68 -6.76 -7.34 -7.35 -6.86 -9.62 -8.24 -2188.75 -8.59 -6.57 -8.31 -8.26
-6.06 -6.41 -7.24 -9.34 -6.54 -8.58 -9.91 -6.35 -6.33 -8.10 -9.44 -6.40 -11.66 -7.42 -8.36 -9.30 -6.04 -8.85 -5.72 -7.04 -7.03 -5.90 -7.13 -6.17 -6.72 -7.05 -18.94 -7.70 -6.30 -7.34 -7.35 -7.88 -9.62 -8.24 -2217.11 -8.59 -6.57 -8.31 -8.18
-6.76 -6.41 -7.09 -9.34 -6.54 -9.53 -7.61 -6.35 -6.42 -8.10 -8.89 -6.41 -9.34 -7.42 -8.36 -9.30 -6.04 -9.75 -5.72 -7.04 -7.70 -5.90 -7.35 -6.17 -5.69 -7.05 -22.02 -8.68 -6.76 -8.18 -7.35 -6.86 -9.62 -8.24 -2148.74 -6.96 -6.57 -8.31 -8.26
-6.76 -6.41 -7.09 -9.34 -6.60 -9.53 -7.29 -6.35 -6.42 -8.10 -7.98 -6.40 -9.34 -7.42 -8.36 -9.30 -6.04 -9.75 -5.72 -7.04 -7.70 -5.90 -7.13 -6.17 -5.69 -7.05 -22.02 -8.68 -6.76 -7.34 -7.35 -6.86 -9.62 -8.24 -2166.26 -8.59 -6.57 -8.31 -8.26
-6.86 -6.47 -7.24 -8.21 -6.54 -8.58 -5.63 -6.35 -7.56 -8.10 -9.44 -6.40 -11.66 -7.42 -8.36 -6.11 -6.04 -8.85 -5.72 -7.04 -9.69 -5.90 -8.16 -6.17 -6.72 -7.05 -22.97 -7.70 -6.30 -7.34 -7.35 -7.88 -9.62 -8.24 -2191.67 -8.59 -8.86 -8.31 -8.18
-8.33 -6.61 -10.03 -5.92 -7.97 -7.78 -6.42 -7.80 -8.07 -6.85 -6.84 -6.23 -6.32 -8.66 -6.97 -8.08 -5.69 -6.49 -8.55 -7.95 -8.09 -8.97 -6.44 -5.16 -11.51 -6.67 -6.89 -6.42 -6.76 -7.99 -8.21 -6.30 -7.42 -9.50 -6.28 -1330.45 -8.52 -9.23 -10.09
-7.39 -6.61 -10.03 -5.92 -6.07 -7.77 -6.33 -7.35 -8.06 -6.88 -6.84 -6.23 -6.32 -8.66 -5.36 -8.07 -5.16 -6.49 -8.55 -6.93 -8.08 -8.96 -6.44 -6.43 -11.51 -6.67 -7.25 -6.39 -6.76 -7.99 -8.21 -6.29 -7.41 -9.49 -9.98 -1327.16 -7.23 -9.23 -8.53
-7.39 -6.61 -10.03 -6.74 -7.61 -7.78 -6.33 -7.42 -8.07 -6.85 -6.84 -7.84 -6.32 -8.66 -6.61 -8.08 -5.17 -6.49 -6.15 -7.95 -8.09 -10.29 -6.44 -9.16 -11.51 -6.67 -7.26 -6.42 -6.44 -10.46 -8.21 -6.17 -7.42 -9.50 -8.61 -1313.49 -10.35 -9.23 -10.09
-6.34 -6.63 -10.05 -5.94 -7.62 -8.66 -6.35 -7.44 -8.08 -6.86 -6.86 -6.25 -6.33 -8.68 -5.38 -8.09 -5.18 -6.75 -8.57 -6.87 -7.01 -8.98 -6.46 -6.44 -11.53 -6.69 -6.91 -6.41 -6.45 -6.81 -8.23 -6.45 -7.43 -9.51 -6.30 -1305.61 -6.08 -9.25 -10.11
-7.39 -6.61 -8.07 -6.56 -7.61 -8.40 -6.33 -9.17 -7.87 -6.85 -6.37 -7.44 -6.08 -8.66 -5.36 -8.08 -6.37 -6.49 -8.55 -7.95 -8.09 -8.35 -6.44 -6.43 -11.51 -6.67 -7.26 -6.42 -6.44 -8.36 -8.21 -6.17 -7.42 -9.50 -8.61 -1316.66 -10.35 -9.23 -10.09
-7.39 -7.10 -10.03 -6.74 -7.61 -7.78 -6.33 -7.85 -7.87 -6.85 -6.84 -6.23 -6.08 -8.66 -5.36 -8.08 -5.17 -6.49 -8.55 -8.21 -6.69 -8.97 -6.64 -6.43 -11.51 -6.67 -7.26 -6.42 -6.44 -10.46 -8.21 -6.17 -7.46 -9.50 -8.61 -1330.23 -8.52 -9.23 -10.09
-6.63 -7.45 -7.02 -9.86 -6.58 -6.11 -6.68 -9.78 -7.53 -7.44 -5.85 -6.51 -7.73 -6.34 -5.77 -7.56 -7.11 -6.44 -6.53 -6.75 -7.38 -5.50 -7.76 -6.27 -7.40 -5.75 -7.90 -6.90 -15.29 -9.84 -8.17 -8.40 -7.10 -5.42 -5.92 -8.37 -2798.12 -8.04 -6.63
-8.03 -7.45 -7.02 -9.86 -6.58 -7.58 -7.06 -7.90 -6.98 -7.44 -9.04 -8.10 -7.73 -6.34 -7.67 -7.56 -7.11 -6.44 -6.53 -6.55 -7.38 -5.85 -7.10 -6.40 -6.90 -5.75 -6.50 -7.16 -17.21 -10.20 -8.17 -8.40 -7.10 -6.32 -8.98 -8.37 -2761.85 -8.01 -8.01
-6.63 -7.45 -7.02 -9.86 -6.58 -7.16 -6.23 -7.15 -6.98 -7.44 -5.85 -6.51 -6.23 -6.34 -7.67 -7.56 -7.11 -6.44 -6.53 -6.75 -7.38 -6.43 -7.10 -6.15 -6.90 -5.75 -7.90 -6.90 -17.21 -9.84 -8.17 -8.40 -8.59 -5.50 -6.23 -8.37 -2824.44 -8.04 -8.01
-6.63 -7.15 -7.02 -9.86 -6.58 -7.58 -5.92 -9.78 -6.98 -7.44 -5.85 -6.82 -7.73 -6.34 -5.77 -7.56 -4.95 -7.22 -6.53 -6.75 -7.38 -5.88 -7.30 -6.84 -7.40 -5.75 -7.90 -6.90 -16.48 -9.84 -8.17 -8.40 -7.10 -5.42 -5.52 -8.37 -2798.19 -8.04 -6.63
-8.03 -7.45 -7.02 -9.86 -6.58 -7.58 -6.23 -9.20 -6.98 -7.44 -5.85 -8.10 -7.73 -6.34 -7.67 -7.56 -7.11 -6.44 -7.49 -6.75 -7.38 -5.88 -7.10 -6.40 -6.90 -5.75 -6.50 -6.90 -17.21 -10.20 -8.17 -8.40 -7.10 -5.42 -6.96 -8.37 -2789.44 -8.04 -8.06
-6.63 -7.45 -7.02 -9.86 -6.58 -6.11 -5.41 -9.78 -6.98 -7.44 -5.85 -6.51 -7.73 -6.34 -5.77 -7.56 -7.11 -6.81 -6.53 -6.75 -7.38 -5.88 -9.19 -6.27 -7.40 -5.75 -7.90 -6.90 -16.48 -9.84 -8.17 -8.40 -7.10 -5.42 -5.92 -7.25 -2787.48 -8.04 -6.63
-9.44 -7.36 -13.63 -8.71 -7.97 -5.73 -7.15 -8.25 -7.50 -6.22 -11.24 -7.85 -9.82 -6.48 -7.56 -6.17 -6.14 -8.75 -7.26 -7.43 -7.60 -7.72 -8.31 -6.12 -8.90 -6.86 -6.31 -6.36 -7.51 -99.20 -8.19 -7.30 -7.04 -8.07 -8.08 -7.79 -8.80 -2852.88 -8.99
-7.28 -7.36 -11.75 -7.39 -7.44 -6.58 -8.38 -8.26 -5.92 -10.42 -5.94 -6.29 -7.53 -6.39 -7.56 -9.22 -5.67 -8.29 -7.26 -7.43 -6.48 -8.38 -6.95 -5.64 -8.72 -7.06 -6.31 -6.60 -7.51 -86.22 -7.32 -6.57 -6.56 -8.08 -8.36 -8.70 -8.81 -2901.69 -8.99
-7.28 -7.36 -11.75 -7.38 -7.44 -6.58 -8.38 -8.26 -5.91 -10.42 -5.93 -6.29 -7.53 -6.39 -7.56 -9.22 -5.67 -8.29 -7.26 -7.43 -6.48 -8.38 -6.94 -5.64 -8.72 -7.05 -6.31 -6.59 -7.51 -86.22 -7.31 -6.57 -6.56 -8.07 -8.36 -8.70 -8.80 -2910.42 -8.99
-9.44 -6.73 -13.63 -7.30 -7.44 -6.87 -5.83 -8.25 -7.75 -5.49 -11.24 -7.85 -7.53 -6.48 -7.56 -6.17 -8.67 -8.59 -7.26 -7.43 -7.26 -7.72 -8.31 -6.12 -8.50 -6.86 -6.31 -6.36 -7.51 -94.86 -7.02 -7.30 -6.38 -8.07 -8.08 -8.70 -8.80 -2838.83 -8.99
-7.28 -7.36 -11.75 -7.38 -7.44 -6.58 -8.38 -8.26 -5.91 -10.42 -5.93 -6.29 -7.53 -6.39 -7.56 -9.22 -5.67 -8.29 -7.26 -7.43 -6.48 -8.38 -6.94 -5.64 -10.05 -7.05 -6.31 -6.59 -7.51 -86.22 -7.31 -6.57 -6.56 -8.07 -8.36 -8.70 -8.80 -2887.53 -8.99
-9.44 -7.36 -13.63 -7.69 -7.44 -6.87 -8.38 -8.25 -7.75 -10.42 -11.24 -7.85 -7.53 -6.48 -7.56 -6.17 -6.36 -8.59 -7.26 -7.43 -8.44 -7.72 -8.31 -6.12 -8.90 -6.86 -6.31 -6.36 -7.51 -97.57 -6.88 -7.30 -7.04 -8.07 -8.08 -8.70 -8.80 -2854.81 -8.99
-9.06 -7.27 -7.25 -10.04 -6.32 -10.12 -7.27 -6.21 -6.63 -9.10 -10.16 -9.94 -8.04 -6.57 -7.34 -9.17 -7.63 -7.51 -9.03 -6.73 -6.80 -6.03 -6.59 -6.87 -5.74 -6.31 -7.93 -7.67 -7.88 -9.11 -22.00 -10.58 -8.29 -6.87 -6.52 -9.61 -6.43 -8.69 -2936.21
-9.06 -7.27 -6.50 -8.22 -7.64 -7.84 -7.27 -6.21 -6.63 -9.10 -10.16 -9.94 -7.16 -6.01 -7.34 -6.61 -6.12 -5.71 -9.03 -6.73 -7.02 -6.54 -7.00 -7.33 -8.31 -8.33 -6.18 -6.61 -7.44 -7.26 -26.64 -9.56 -9.86 -7.05 -8.12 -6.67 -8.95 -8.69 -2909.04
-9.06 -7.27 -6.50 -8.22 -7.64 -7.68 -7.27 -6.21 -6.63 -9.10 -10.16 -9.94 -7.16 -6.01 -7.34 -6.61 -7.31 -6.53 -9.03 -6.73 -7.02 -6.54 -7.00 -8.28 -8.31 -9.27 -6.18 -6.61 -7.44 -7.26 -26.64 -9.56 -9.86 -6.87 -8.12 -6.67 -8.95 -8.69 -2910.44
-9.06 -7.27 -6.50 -8.22 -6.32 -7.68 -7.27 -5.49 -8.04 -9.10 -10.16 -9.94 -7.79 -7.86 -7.34 -6.61 -6.12 -6.53 -9.03 -6.73 -7.02 -6.54 -7.00 -7.33 -8.31 -8.33 -6.18 -4.78 -7.44 -9.56 -24.03 -9.56 -9.86 -7.05 -8.12 -6.97 -7.13 -8.69 -2905.46
-9.06 -6.19 -7.40 -6.91 -7.64 -7.84 -7.27 -6.21 -8.04 -9.10 -10.16 -9.94 -7.79 -6.10 -7.34 -6.61 -6.12 -6.53 -9.03 -6.73 -7.02 -6.54 -7.00 -7.33 -8.31 -8.33 -8.11 -6.61 -7.44 -9.56 -21.30 -9.56 -9.86 -7.05 -8.12 -6.67 -8.95 -8.76 -2872.48
-9.06 -7.27 -7.25 -10.04 -6.32 -10.40 -7.27 -7.62 -6.85 -9.10 -10.16 -9.94 -9.07 -6.57 -7.34 -9.17 -7.63 -6.80 -9.03 -6.73 -6.80 -6.03 -7.00 -7.33 -7.79 -8.33 -8.72 -7.67 -7.68 -9.11 -22.00 -10.58 -8.29 -6.87 -6.52 -9.61 -6.43 -8.69 -2937.70
-7.65 -8.48 -7.32 -7.58 -7.33 -8.09 -11.63 -5.74 -7.51 -7.12 -7.64 -10.76 -7.61 -13.65 -7.22 -8.24 -8.76 -28.19 -1509.95 -31.66 -26.64 -36.24 -44.10 -56.26 -34.46 -32.66 -7.23 -9.74 -7.24 -8.65 -8.43 -7.69 -11.44 -7.35 -7.56 -7.01 -6.99 -8.26 -11.30
-8.73 -9.62 -6.08 -6.38 -7.29 -9.96 -6.60 -9.30 -7.27 -6.58 -6.04 -10.11 -7.01 -8.32 -7.22 -8.91 -6.45 -33.68 -1742.51 -32.98 -22.54 -28.82 -32.46 -50.21 -31.80 -23.20 -7.02 -7.27 -8.94 -8.65 -8.28 -9.26 -8.27 -7.26 -6.52 -6.33 -8.24 -7.52 -11.30
-6.77 -9.69 -7.62 -6.77 -8.90 -7.44 -8.39 -9.51 -7.91 -7.32 -6.83 -8.38 -7.97 -7.74 -7.11 -8.52 -8.37 -28.79 -1437.85 -36.24 -22.22 -32.37 -32.45 -38.06 -34.95 -24.95 -7.56 -7.23 -8.96 -7.62 -7.21 -7.22 -12.10 -7.64 -8.31 -6.73 -8.26 -8.49 -7.64
-8.96 -8.67 -7.02 -8.91 -7.92 -6.59 -7.35 -9.15 -7.32 -8.30 -9.42 -7.43 -7.87 -6.87 -7.69 -5.40 -7.62 -27.49 -22.41 -1667.24 -38.87 -22.68 -32.89 -42.29 -22.91 -27.89 -10.10 -6.43 -8.81 -7.92 -7.88 -6.91 -6.69 -12.47 -8.24 -6.52 -7.67 -6.71 -8.95
-7.46 -7.46 -7.54 -6.72 -7.16 -5.57 -7.04 -8.99 -6.97 -9.09 -6.51 -8.18 -7.03 -7.87 -7.86 -7.36 -6.18 -25.91 -31.62 -1132.60 -20.82 -24.09 -19.02 -23.58 -31.08 -21.36 -5.76 -8.15 -7.95 -10.96 -7.83 -6.24 -6.64 -8.94 -7.74 -5.12 -9.65 -8.42 -10.26
-8.06 -7.96 -8.38 -6.72 -7.92 -7.64 -8.78 -7.00 -7.37 -10.07 -6.80 -8.74 -9.54 -7.72 -6.61 -6.10 -9.08 -31.66 -31.41 -1630.15 -27.84 -29.67 -23.71 -41.21 -31.69 -29.96 -6.83 -7.62 -8.54 -6.46 -7.22 -8.37 -9.04 -6.95 -7.36 -5.74 -8.10 -7.25 -9.11
-8.06 -7.96 -8.38 -6.72 -7.92 -7.64 -8.78 -7.00 -7.37 -10.07 -6.80 -8.74 -9.54 -7.72 -6.61 -6.10 -9.08 -31.66 -31.41 -1630.15 -27.84 -29.67 -23.71 -41.21 -31.69 -29.96 -6.83 -7.62 -8.54 -6.46 -7.22 -8.37 -9.04 -6.95 -7.36 -5.74 -8.10 -7.25 -9.11
-8.96 -8.67 -7.17 -6.72 -7.97 -4.90 -8.44 -7.84 -8.20 -7.44 -7.36 -8.26 -8.44 -8.82 -7.69 -7.17 -6.98 -27.46 -27.60 -1644.88 -40.52 -25.83 -34.09 -39.24 -26.71 -30.02 -12.00 -7.31 -7.27 -10.01 -7.88 -5.93 -6.69 -11.01 -7.36 -9.04 -7.91 -6.71 -7.75
-9.00 -7.30 -6.98 -6.72 -8.34 -7.64 -8.78 -8.38 -7.17 -10.07 -8.24 -8.74 -7.04 -7.72 -6.60 -7.18 -12.63 -32.01 -31.41 -1571.91 -27.84 -29.67 -25.69 -46.37 -29.35 -23.60 -7.71 -10.75 -8.07 -7.32 -7.88 -7.00 -9.03 -12.83 -7.36 -5.51 -8.10 -7.25 -8.95
-7.03 -9.95 -6.87 -8.60 -7.07 -7.40 -7.41 -7.92 -7.89 -7.81 -7.97 -8.77 -6.60 -8.82 -9.64 -8.24 -7.25 -189.22 -15.93 -27.64 -1677.83 -111.88 -16.00 -20.42 -109.08 -19.99 -8.82 -7.15 -9.05 -8.07 -8.38 -7.20 -6.13 -10.10 -6.28 -9.79 -6.91 -8.55 -10.09
-8.50 -9.95 -8.44 -7.33 -6.66 -6.73 -7.41 -5.57 -6.35 -7.81 -7.93 -7.72 -7.91 -7.65 -9.64 -6.39 -5.30 -182.54 -17.20 -30.55 -1683.26 -104.56 -18.17 -23.45 -105.15 -20.86 -8.82 -6.43 -7.54 -8.07 -7.14 -8.65 -5.77 -9.64 -6.80 -9.79 -9.92 -7.89 -7.93
-8.50 -7.29 -8.44 -7.33 -6.66 -6.73 -6.40 -6.46 -6.35 -7.81 -7.93 -7.72 -7.91 -7.65 -9.64 -6.39 -5.30 -188.27 -17.20 -30.55 -1682.42 -104.87 -18.17 -23.45 -107.83 -20.86 -8.82 -6.43 -7.54 -8.07 -7.14 -8.65 -5.77 -9.64 -6.80 -9.79 -9.92 -7.89 -7.93
-7.03 -9.95 -8.22 -7.33 -6.47 -6.73 -7.41 -5.57 -8.58 -7.81 -8.43 -7.72 -7.91 -7.47 -9.64 -6.39 -5.28 -199.04 -17.20 -32.87 -1672.00 -112.12 -18.07 -19.44 -104.26 -19.09 -8.82 -6.45 -9.05 -8.07 -7.14 -8.65 -6.13 -7.16 -6.80 -9.79 -10.35 -7.89 -10.09
-8.94 -9.27 -7.65 -8.60 -6.36 -8.37 -8.54 -5.61 -6.59 -8.60 -7.75 -8.38 -7.26 -10.34 -12.94 -8.24 -6.26 -181.32 -18.57 -31.98 -1569.16 -118.94 -15.67 -22.41 -107.52 -26.00 -9.29 -7.63 -7.61 -6.90 -7.95 -7.63 -5.88 -13.49 -7.35 -8.93 -7.67 -7.78 -7.63
-9.39 -10.18 -9.95 -7.57 -9.84 -7.83 -6.24 -7.65 -6.89 -8.78 -8.80 -8.53 -9.07 -10.57 -6.93 -13.17 -5.98 -229.00 -23.14 -32.40 -1418.25 -114.05 -15.93 -21.89 -103.11 -18.62 -7.60 -6.80 -6.77 -9.23 -7.44 -7.28 -6.69 -5.73 -7.47 -5.87 -7.67 -7.74 -8.33
-8.70 -6.48 -8.57 -6.41 -8.36 -8.85 -7.30 -5.96 -10.46 -6.33 -7.65 -7.37 -5.81 -7.94 -10.23 -8.33 -6.37 -69.35 -32.60 -30.51 -89.66 -1621.67 -20.98 -20.35 -372.97 -18.03 -10.79 -7.31 -8.84 -11.70 -9.25 -8.71 -6.78 -13.12 -7.57 -9.49 -6.73 -9.98 -7.53
-7.50 -6.48 -8.57 -6.51 -6.86 -9.25 -7.41 -5.96 -9.12 -7.14 -6.53 -9.46 -6.31 -7.94 -10.14 -8.33 -5.95 -72.61 -35.33 -27.90 -101.61 -1645.76 -18.45 -19.76 -325.58 -18.03 -9.33 -7.09 -11.61 -11.70 -9.25 -6.17 -6.78 -11.68 -7.57 -7.39 -6.61 -9.98 -7.53
-7.50 -6.48 -8.57 -6.51 -8.36 -9.25 -7.41 -5.96 -9.12 -7.14 -6.53 -9.46 -6.31 -7.94 -10.14 -8.33 -5.95 -72.61 -35.33 -27.90 -101.61 -1644.24 -18.45 -19.61 -323.99 -18.03 -9.33 -7.09 -11.61 -11.70 -9.25 -6.17 -6.78 -11.68 -7.57 -7.39 -6.61 -9.98 -7.53
-7.75 -7.53 -9.75 -6.41 -6.62 -9.37 -5.72 -5.73 -8.56 -6.65 -10.06 -7.80 -5.62 -8.37 -10.23 -8.33 -6.46 -73.36 -32.60 -30.51 -93.21 -1591.90 -20.79 -26.84 -346.29 -16.66 -13.82 -7.09 -9.20 -11.70 -9.25 -6.11 -7.91 -18.96 -7.57 -8.40 -6.73 -9.98 -7.92
-8.07 -7.27 -11.93 -6.04 -8.36 -5.66 -5.99 -5.96 -9.73 -7.14 -6.99 -9.05 -10.85 -7.94 -10.23 -6.40 -5.54 -71.41 -32.60 -30.51 -98.72 -1622.26 -22.12 -22.93 -365.65 -15.80 -9.33 -6.98 -10.19 -11.70 -9.25 -6.17 -7.29 -20.50 -6.38 -7.56 -6.54 -9.98 -7.53
-7.75 -11.18 -8.05 -7.40 -6.26 -6.71 -6.59 -6.92 -10.22 -9.52 -7.03 -9.15 -6.13 -9.31 -7.77 -10.92 -9.87 -80.67 -31.39 -26.44 -106.95 -1518.33 -22.63 -25.22 -321.25 -16.66 -6.24 -8.60 -8.74 -11.70 -8.59 -11.09 -6.49 -16.16 -8.75 -5.31 -6.74 -9.98 -8.29
-8.98 -7.10 -6.46 -7.83 -7.06 -6.12 -7.18 -7.31 -6.95 -8.42 -10.53 -7.82 -8.69 -9.56 -6.47 -8.14 -9.06 -20.85 -30.32 -29.23 -18.32 -26.41 -1639.50 -168.50 -25.42 -238.90 -7.00 -8.21 -9.38 -10.74 -6.88 -6.74 -7.63 -9.32 -6.36 -5.86 -7.80 -7.28 -7.36
-13.90 -8.11 -6.49 -6.62 -7.09 -6.12 -8.29 -7.02 -7.72 -8.46 -10.56 -7.86 -8.06 -9.59 -6.51 -8.17 -9.10 -23.27 -32.07 -26.85 -19.78 -24.28 -1545.80 -194.95 -27.68 -239.44 -7.50 -7.43 -8.04 -10.77 -9.85 -6.78 -6.12 -11.66 -7.66 -5.90 -7.77 -8.23 -7.40
-8.61 -6.57 -9.33 -9.02 -8.79 -6.09 -6.15 -9.28 -6.84 -8.88 -7.86 -9.11 -8.69 -6.79 -7.33 -8.74 -7.74 -22.42 -27.59 -26.64 -24.62 -25.29 -1562.64 -164.79 -26.32 -231.45 -8.08 -7.21 -7.66 -9.34 -8.09 -5.22 -6.85 -7.88 -6.74 -6.16 -8.41 -6.83 -9.06
-8.64 -6.60 -9.36 -9.05 -8.82 -6.70 -6.53 -9.31 -6.86 -8.91 -7.89 -9.14 -8.72 -8.49 -6.46 -8.77 -7.77 -25.20 -26.29 -26.94 -22.25 -25.32 -1514.76 -168.33 -26.42 -236.09 -7.44 -8.00 -7.69 -9.36 -8.12 -5.25 -6.22 -8.39 -6.77 -7.53 -8.44 -9.08 -7.36
-8.69 -7.29 -10.05 -7.57 -8.45 -6.60 -6.94 -6.60 -6.25 -8.88 -5.72 -6.26 -7.70 -9.80 -7.01 -6.72 -7.50 -25.31 -29.43 -32.20 -23.02 -28.88 -1528.62 -169.85 -23.66 -265.15 -6.71 -6.59 -11.37 -9.34 -6.51 -7.98 -10.45 -7.73 -6.10 -7.30 -9.05 -7.28 -6.99
-8.69 -7.29 -8.28 -7.65 -8.79 -6.60 -9.24 -8.30 -5.29 -7.91 -6.14 -6.26 -7.84 -7.45 -8.53 -6.72 -5.68 -26.66 -28.70 -34.49 -19.62 -30.15 -1563.71 -165.99 -23.85 -232.08 -6.71 -6.59 -11.06 -11.19 -6.51 -7.98 -8.14 -7.45 -6.17 -5.91 -9.39 -7.28 -6.99
-6.99 -6.47 -6.82 -7.99 -8.00 -7.23 -6.05 -7.76 -11.58 -7.33 -7.26 -7.32 -9.23 -8.72 -6.08 -7.72 -7.10 -29.73 -27.34 -27.62 -20.39 -20.18 -66.00 -1530.88 -18.09 -56.37 -8.30 -8.04 -8.41 -7.97 -6.72 -6.17 -8.04 -8.79 -7.00 -7.06 -7.18 -6.32 -9.30
-10.58 -5.45 -8.14 -10.75 -7.57 -6.42 -8.32 -6.86 -10.92 -8.87 -9.28 -8.50 -7.43 -7.98 -7.96 -6.15 -6.17 -21.55 -31.13 -40.77 -22.74 -34.15 -89.20 -1584.88 -31.42 -48.17 -5.61 -7.02 -8.10 -6.23 -7.33 -6.11 -7.48 -7.48 -7.46 -8.20 -7.52 -9.85 -9.58
-8.10 -7.02 -7.53 -7.00 -7.98 -5.44 -7.45 -8.79 -5.94 -6.65 -6.87 -7.79 -7.90 -6.55 -5.94 -6.97 -7.10 -26.56 -32.81 -21.26 -21.32 -18.55 -68.13 -1509.90 -18.93 -80.89 -6.61 -8.59 -8.41 -7.79 -6.83 -5.82 -8.04 -8.48 -6.25 -7.06 -6.78 -7.38 -7.24
-6.23 -7.20 -7.54 -6.61 -7.97 -5.46 -6.07 -8.92 -6.62 -6.97 -7.59 -5.58 -7.46 -8.74 -5.09 -6.50 -5.77 -27.30 -30.46 -24.95 -18.32 -22.92 -78.57 -1442.20 -15.57 -65.78 -6.51 -6.51 -7.47 -7.81 -7.46 -5.66 -4.79 -8.07 -6.62 -8.23 -6.08 -6.41 -9.41
-9.17 -5.45 -9.12 -7.22 -7.90 -6.42 -6.52 -6.86 -9.48 -7.71 -8.01 -8.50 -7.40 -7.98 -7.96 -6.15 -6.17 -21.69 -26.27 -42.48 -26.96 -29.11 -87.95 -1583.58 -29.40 -64.09 -6.60 -7.34 -8.10 -7.53 -7.79 -6.11 -7.48 -8.00 -7.46 -8.20 -7.52 -9.85 -9.58
-10.58 -5.45 -8.14 -10.75 -7.71 -5.87 -6.63 -6.86 -10.92 -8.87 -9.28 -8.50 -7.43 -7.98 -7.96 -6.15 -6.17 -21.55 -32.15 -42.32 -22.67 -34.15 -86.37 -1582.99 -31.42 -53.80 -7.44 -7.02 -8.10 -6.23 -7.33 -6.11 -7.48 -7.48 -7.46 -8.20 -7.52 -9.85 -9.58
-9.68 -8.75 -7.83 -7.32 -7.96 -10.11 -7.12 -7.61 -7.38 -7.27 -7.14 -8.11 -7.75 -14.36 -7.37 -6.65 -6.18 -88.45 -23.77 -40.79 -106.48 -374.82 -26.10 -27.53 -1670.60 -26.23 -8.78 -7.60 -8.96 -8.60 -8.70 -9.61 -8.68 -11.02 -6.79 -9.77 -8.24 -9.50 -9.15
-7.91 -9.74 -7.54 -7.45 -8.49 -7.52 -8.82 -8.15 -7.38 -8.15 -6.51 -8.11 -9.16 -10.19 -8.17 -6.41 -7.14 -91.98 -22.89 -41.73 -101.72 -393.80 -26.93 -28.01 -1638.37 -27.46 -8.78 -7.60 -6.87 -7.10 -8.07 -9.61 -8.68 -8.09 -6.79 -9.77 -8.24 -9.50 -8.70
-9.68 -9.74 -7.56 -7.32 -7.96 -7.46 -8.08 -8.15 -7.38 -8.15 -7.14 -8.11 -7.08 -10.19 -7.37 -6.65 -6.18 -95.06 -24.90 -39.93 -91.13 -364.61 -26.10 -28.01 -1655.23 -27.57 -8.78 -7.60 -8.96 -8.46 -8.70 -9.61 -7.39 -11.02 -6.79 -9.77 -8.24 -9.50 -9.15
-9.68 -7.97 -7.83 -7.32 -7.96 -10.11 -6.71 -8.15 -7.38 -6.95 -7.14 -6.75 -8.36 -14.36 -7.37 -6.76 -7.14 -94.56 -22.89 -37.69 -93.16 -372.03 -26.70 -28.06 -1653.05 -29.23 -8.78 -7.83 -9.17 -7.27 -8.76 -11.13 -7.39 -11.02 -7.09 -9.77 -8.24 -9.50 -8.70
-9.55 -9.74 -7.32 -7.32 -9.14 -10.11 -8.08 -8.15 -8.79 -8.15 -8.26 -9.67 -7.12 -14.36 -7.37 -9.03 -6.18 -93.50 -22.89 -40.59 -97.80 -386.14 -26.34 -27.41 -1639.66 -29.41 -8.78 -7.34 -8.96 -8.09 -8.07 -9.61 -7.39 -11.02 -7.29 -7.90 -7.41 -7.21 -8.03
-9.07 -7.44 -6.46 -8.52 -6.22 -8.81 -5.91 -7.08 -8.34 -8.73 -7.08 -8.74 -7.29 -9.84 -7.74 -7.03 -6.94 -77.43 -19.24 -19.10 -82.75 -382.02 -28.72 -27.30 -1356.59 -18.17 -8.79 -5.40 -8.85 -7.94 -9.27 -7.87 -14.57 -13.11 -7.58 -7.50 -6.53 -7.64 -9.28
-6.91 -6.98 -6.53 -7.23 -7.94 -8.28 -8.81 -7.60 -8.20 -8.06 -5.90 -9.86 -9.33 -7.27 -7.71 -6.46 -7.30 -25.69 -31.34 -35.24 -19.93 -17.56 -280.96 -143.06 -19.63 -1700.34 -7.72 -7.34 -7.51 -7.18 -7.35 -6.33 -6.71 -12.17 -7.52 -8.94 -6.75 -6.77 -7.82
-7.60 -5.64 -6.41 -7.24 -6.80 -7.53 -8.77 -6.00 -6.49 -9.87 -7.14 -7.86 -9.34 -12.40 -7.25 -5.71 -5.63 -26.27 -34.68 -29.76 -18.92 -19.22 -243.96 -143.59 -28.67 -1681.50 -7.63 -6.67 -7.47 -8.33 -7.09 -9.72 -6.44 -8.50 -6.74 -6.91 -6.94 -7.98 -9.59
-6.36 -5.63 -6.40 -7.28 -9.58 -6.29 -7.79 -7.41 -6.48 -9.86 -7.13 -7.85 -9.33 -11.42 -7.24 -5.70 -5.62 -25.67 -33.94 -29.75 -19.38 -19.01 -254.12 -142.58 -28.66 -1712.94 -6.62 -6.66 -7.46 -8.31 -7.08 -9.71 -6.43 -11.86 -6.73 -6.90 -6.93 -7.97 -9.58
-7.60 -5.64 -6.41 -7.24 -6.80 -7.53 -8.77 -6.00 -6.49 -9.87 -7.14 -7.86 -9.34 -12.40 -7.25 -5.23 -5.63 -26.27 -33.95 -29.76 -18.92 -19.22 -240.80 -149.07 -28.67 -1680.22 -7.63 -6.67 -7.47 -8.33 -7.09 -9.72 -6.44 -8.50 -6.74 -6.91 -6.94 -7.98 -7.16
-7.99 -5.98 -7.49 -7.42 -8.06 -6.96 -8.08 -7.55 -8.26 -6.61 -7.46 -9.92 -9.39 -8.31 -7.66 -8.19 -6.22 -25.35 -25.41 -26.05 -21.94 -17.16 -250.38 -144.80 -21.07 -1586.48 -7.78 -7.39 -7.51 -7.89 -7.55 -5.94 -6.73 -12.84 -7.58 -9.00 -7.01 -6.48 -7.21
-9.06 -7.24 -6.32 -7.23 -7.32 -5.36 -10.48 -7.60 -7.29 -8.24 -5.90 -11.98 -9.33 -10.46 -6.43 -6.79 -5.63 -25.69 -29.52 -32.16 -17.16 -18.34 -275.80 -144.88 -20.69 -1676.62 -7.72 -6.93 -6.69 -7.18 -7.35 -6.33 -6.74 -8.67 -7.52 -7.45 -6.75 -6.40 -7.15
-2062.95 -42.95 -60.81 -106.52 -157.63 -117.68 -120.08 -169.96 -266.08 -37.50 -32.18 -251.81 -262.63 -38.19 -117.07 -44.38 -6.12 -7.77 -7.72 -8.17 -6.79 -11.12 -8.11 -6.48 -6.41 -6.30 -8.08 -6.44 -7.62 -6.72 -6.51 -19.59 -9.07 -6.01 -7.03 -6.40 -6.89 -6.51 -7.62
-1750.99 -42.40 -93.40 -113.91 -158.49 -121.31 -86.14 -181.60 -360.40 -33.74 -26.87 -288.75 -268.47 -31.08 -115.81 -35.46 -9.44 -8.40 -7.76 -7.33 -5.65 -6.19 -7.26 -6.62 -8.69 -7.84 -6.51 -8.00 -6.25 -9.74 -6.92 -16.06 -9.57 -12.98 -6.99 -7.37 -7.90 -11.53 -10.43
-1740.68 -42.40 -99.94 -118.14 -162.14 -115.31 -88.10 -180.96 -358.71 -33.74 -28.71 -292.22 -267.78 -31.08 -118.83 -35.46 -9.44 -7.92 -7.76 -7.19 -6.03 -7.40 -6.56 -6.62 -8.69 -7.84 -7.94 -8.00 -6.25 -9.74 -6.92 -16.06 -9.57 -12.98 -6.56 -6.14 -7.90 -11.53 -10.43
-8.54 -10.27 -5.34 -6.08 -9.15 -6.52 -7.34 -8.04 -8.78 -7.82 -9.04 -7.45 -8.19 -7.25 -8.66 -7.97 -8.41 -1664.12 -27.43 -30.03 -301.63 -101.04 -27.55 -27.02 -134.64 -21.50 -9.09 -5.47 -6.90 -7.94 -10.26 -8.22 -8.65 -7.28 -6.38 -7.00 -8.36 -8.34 -9.85
-1922.71 -45.52 -69.68 -111.53 -166.08 -125.44 -124.22 -183.16 -258.92 -39.72 -32.26 -254.74 -265.90 -44.72 -125.07 -40.03 -6.20 -7.85 -7.41 -8.25 -6.44 -9.87 -12.63 -7.66 -6.49 -7.31 -8.16 -6.52 -7.70 -9.48 -6.59 -17.97 -9.15 -6.07 -7.43 -6.48 -6.97 -9.57 -7.70
-1649.89 -45.67 -60.57 -109.64 -140.05 -126.70 -123.79 -180.45 -255.78 -39.86 -32.40 -200.71 -260.03 -44.87 -118.80 -39.85 -6.34 -7.99 -7.55 -8.39 -6.58 -10.02 -12.77 -7.81 -6.64 -7.74 -6.46 -6.66 -7.85 -9.63 -6.74 -14.82 -9.30 -6.21 -7.26 -6.62 -7.12 -9.72 -7.84
-1087.18 -36.67 -46.01 -46.26 -47.80 -48.63 -23.15 -67.50 -78.11 -36.82 -23.88 -50.50 -76.82 -30.70 -73.12 -37.50 -6.14 -8.86 -8.22 -7.79 -6.11 -7.86 -7.55 -7.08 -9.15 -6.57 -8.40 -8.46 -6.20 -10.20 -6.67 -20.15 -10.03 -13.44 -6.75 -7.26 -8.36 -11.99 -7.84
-48.59 -2026.05 -57.09 -59.95 -73.34 -257.06 -448.11 -102.99 -58.80 -133.03 -114.16 -56.63 -60.86 -424.29 -26.88 -38.43 -6.07 -7.40 -7.09 -7.12 -8.55 -5.98 -8.60 -6.95 -7.54 -6.56 -8.26 -9.60 -7.76 -7.61 -11.40 -8.67 -8.86 -6.92 -6.37 -6.63 -7.46 -9.29 -6.57
-41.96 -2034.92 -54.25 -56.95 -68.80 -253.83 -417.37 -96.33 -56.85 -127.26 -96.61 -50.41 -56.47 -415.86 -28.17 -36.71 -6.06 -7.38 -7.08 -7.62 -8.54 -5.95 -7.76 -6.90 -7.53 -5.79 -8.24 -9.59 -7.74 -6.11 -11.39 -13.02 -8.85 -6.91 -6.35 -6.74 -7.44 -9.28 -10.12
-44.22 -2055.34 -53.15 -56.51 -58.97 -253.82 -419.02 -89.22 -58.82 -124.18 -100.75 -63.91 -62.55 -417.15 -27.36 -37.29 -7.64 -7.38 -7.08 -9.29 -8.00 -8.26 -7.76 -6.79 -8.57 -7.03 -8.24 -9.59 -7.74 -7.79 -11.39 -12.40 -8.85 -6.91 -6.35 -6.62 -6.42 -9.28 -8.51
-45.35 -2046.31 -71.69 -62.04 -65.71 -241.41 -420.25 -96.83 -61.69 -125.33 -106.55 -58.41 -67.46 -426.89 -27.04 -36.71 -4.91 -9.51 -7.08 -7.11 -10.78 -6.83 -7.76 -7.27 -7.53 -6.49 -9.13 -6.93 -7.75 -7.60 -11.39 -8.66 -8.85 -6.91 -8.00 -8.20 -7.44 -9.28 -6.91
-48.62 -1914.62 -56.61 -63.81 -74.58 -224.58 -396.92 -104.79 -55.68 -130.19 -97.93 -53.65 -60.13 -395.44 -26.92 -41.50 -6.10 -7.43 -7.12 -7.15 -8.58 -6.01 -7.81 -6.84 -7.57 -5.84 -9.17 -9.63 -7.79 -7.64 -8.11 -10.84 -8.89 -8.69 -5.82 -6.66 -7.49 -9.32 -8.55
-46.93 -2006.84 -57.86 -55.93 -71.40 -266.64 -419.65 -97.10 -60.20 -127.11 -96.83 -54.62 -59.09 -418.41 -24.76 -41.38 -6.06 -7.38 -8.60 -7.11 -8.54 -5.97 -7.83 -6.36 -7.53 -5.76 -9.13 -9.59 -6.33 -7.60 -11.39 -10.48 -11.58 -6.91 -5.78 -6.62 -7.44 -6.03 -6.56
-66.46 -44.85 -1822.26 -163.34 -381.90 -138.82 -119.47 -420.18 -137.68 -27.73 -78.95 -67.69 -102.92 -38.66 -129.84 -89.75 -6.26 -6.60 -6.73 -5.29 -7.61 -8.84 -6.32 -6.53 -6.31 -7.80 -6.70 -8.58 -9.37 -8.86 -12.15 -7.79 -6.90 -5.62 -7.43 -6.55 -9.09 -12.11 -8.94
-87.16 -52.73 -1974.41 -178.69 -385.84 -137.89 -104.36 -358.52 -131.67 -35.99 -83.07 -69.11 -101.39 -45.97 -133.10 -101.93 -7.36 -7.24 -6.25 -8.45 -7.52 -7.93 -8.68 -6.89 -8.87 -9.83 -6.78 -8.19 -7.57 -7.95 -11.29 -11.89 -8.60 -7.07 -6.91 -6.81 -7.59 -12.11 -9.95
-75.40 -38.53 -1798.48 -156.18 -367.89 -144.66 -101.33 -403.22 -133.31 -23.50 -78.57 -62.67 -86.30 -36.35 -137.59 -77.43 -6.75 -6.60 -6.73 -7.04 -7.61 -8.84 -6.32 -6.38 -6.79 -7.80 -5.92 -6.66 -8.50 -8.86 -13.01 -7.12 -6.90 -5.62 -7.43 -6.55 -7.42 -12.11 -7.37
-70.16 -44.50 -1811.44 -156.48 -367.59 -136.79 -119.32 -406.53 -139.32 -24.59 -74.72 -70.08 -102.65 -39.01 -128.31 -85.67 -6.87 -7.27 -6.91 -6.53 -7.61 -8.84 -7.53 -7.27 -6.31 -7.80 -6.70 -8.58 -9.37 -8.86 -12.15 -8.68 -6.19 -8.10 -8.89 -6.55 -7.42 -7.94 -8.94
-83.25 -54.76 -2043.57 -174.59 -419.37 -139.36 -100.50 -401.15 -141.56 -35.00 -93.80 -73.72 -102.17 -59.75 -138.02 -100.11 -7.02 -7.24 -7.98 -8.45 -7.52 -8.58 -7.26 -7.96 -10.14 -7.08 -7.86 -11.45 -7.57 -9.13 -15.11 -11.89 -8.60 -7.14 -6.49 -6.81 -7.59 -12.11 -7.62
-76.22 -57.58 -2029.58 -172.81 -395.61 -142.18 -101.98 -392.75 -139.27 -33.70 -82.31 -76.05 -92.44 -57.02 -138.15 -84.83 -7.02 -8.66 -7.98 -7.23 -7.52 -8.58 -7.26 -7.96 -10.14 -7.08 -7.86 -11.45 -7.57 -7.95 -15.11 -12.68 -9.89 -7.14 -6.49 -6.81 -7.59 -10.15 -8.14
-51.36 -53.57 -135.86 -1971.77 -250.35 -119.85 -134.25 -229.28 -58.55 -46.20 -69.50 -54.75 -118.68 -48.66 -284.78 -145.22 -7.00 -8.26 -8.01 -5.77 -6.72 -6.65 -8.45 -6.54 -5.56 -7.31 -6.59 -7.13 -8.73 -9.69 -10.47 -24.32 -9.34 -7.68 -11.03 -6.43 -10.50 -10.42 -9.66
-39.81 -47.75 -107.37 -1711.06 -194.82 -91.55 -77.34 -185.46 -65.70 -50.02 -51.07 -57.98 -96.96 -38.48 -345.00 -152.49 -8.91 -7.40 -7.86 -6.65 -6.17 -9.62 -7.20 -8.11 -7.32 -8.21 -9.31 -7.19 -7.53 -9.37 -7.40 -15.12 -6.33 -7.67 -6.79 -5.60 -8.98 -7.15 -6.90
-46.09 -43.40 -143.24 -1974.00 -259.44 -103.42 -131.32 -223.72 -72.23 -33.75 -66.53 -48.03 -131.31 -44.03 -299.40 -150.35 -6.15 -9.27 -7.90 -7.77 -8.99 -7.40 -7.15 -7.49 -6.26 -7.30 -6.48 -6.86 -7.75 -9.68 -10.46 -22.52 -6.08 -6.55 -8.30 -6.54 -10.49 -7.72 -9.64
-50.45 -46.16 -142.58 -1985.29 -248.19 -123.99 -133.49 -247.37 -64.19 -40.17 -68.45 -51.12 -122.96 -41.26 -277.29 -140.57 -6.99 -8.25 -7.90 -6.65 -6.71 -6.63 -7.20 -6.52 -5.55 -7.30 -5.90 -7.19 -8.72 -9.68 -8.89 -22.52 -9.33 -7.67 -8.30 -6.90 -8.79 -11.27 -9.64
-42.35 -42.13 -144.41 -1955.29 -251.83 -122.10 -121.12 -208.61 -68.56 -36.98 -63.37 -41.90 -105.11 -37.10 -266.61 -148.79 -7.61 -9.61 -5.41 -7.77 -7.54 -6.63 -7.09 -7.49 -6.26 -6.60 -6.85 -6.86 -8.72 -9.68 -8.89 -22.52 -7.57 -7.67 -7.39 -6.36 -10.49 -7.72 -9.64
-46.36 -41.32 -139.86 -2007.86 -258.80 -112.87 -134.95 -237.25 -61.93 -33.60 -68.77 -44.87 -117.17 -40.28 -289.80 -148.49 -6.99 -9.61 -6.26 -6.65 -7.64 -6.63 -8.44 -6.62 -5.55 -6.44 -5.90 -7.12 -8.72 -9.68 -10.46 -22.52 -7.57 -7.67 -11.01 -6.42 -10.49 -11.27 -8.11
-44.02 -33.58 -232.08 -186.83 -1764.19 -118.17 -110.93 -931.93 -51.23 -27.63 -52.16 -56.91 -40.38 -53.19 -140.04 -123.63 -5.74 -8.10 -9.19 -7.25 -6.58 -6.53 -7.62 -7.12 -7.23 -9.94 -7.36 -7.64 -9.55 -7.43 -8.14 -18.65 -7.22 -6.30 -7.72 -8.14 -8.81 -7.10 -6.98
-43.79 -30.28 -239.23 -187.90 -1752.45 -104.60 -109.92 -983.44 -56.23 -24.85 -35.96 -69.00 -45.39 -53.14 -131.29 -127.76 -4.91 -6.20 -5.94 -5.73 -6.86 -7.42 -6.81 -7.33 -7.40 -7.81 -6.48 -9.59 -8.34 -7.54 -8.11 -11.39 -5.35 -6.58 -9.48 -7.25 -7.50 -6.60 -6.51
-43.79 -30.28 -233.61 -181.45 -1754.73 -106.55 -107.19 -970.16 -56.60 -24.85 -35.52 -71.28 -45.07 -53.14 -128.76 -129.83 -4.91 -6.20 -5.94 -5.73 -6.86 -7.42 -6.81 -7.33 -7.40 -7.81 -6.48 -9.59 -7.37 -7.54 -8.11 -11.39 -5.56 -6.58 -9.48 -7.25 -7.50 -7.64 -6.51
-51.30 -35.00 -220.57 -208.45 -1787.93 -139.01 -135.05 -995.23 -65.32 -35.45 -50.98 -48.46 -66.09 -48.92 -118.52 -128.45 -5.18 -8.68 -7.54 -6.69 -7.06 -7.46 -8.16 -6.63 -6.28 -7.96 -8.01 -6.48 -8.49 -7.39 -8.85 -11.35 -8.84 -6.57 -8.14 -10.08 -7.28 -6.52 -7.76
-56.20 -39.97 -226.31 -196.35 -1771.74 -135.12 -116.26 -987.20 -59.90 -37.13 -44.72 -64.11 -45.72 -58.09 -121.29 -122.18 -5.09 -8.68 -7.53 -8.32 -7.06 -6.93 -6.76 -6.63 -9.23 -7.96 -6.95 -9.59 -7.30 -7.40 -8.85 -13.08 -8.84 -6.92 -5.85 -7.71 -7.28 -7.17 -7.76
-57.26 -32.83 -261.30 -200.51 -1702.36 -132.01 -148.90 -937.42 -54.07 -25.67 -62.09 -48.43 -55.68 -46.54 -114.56 -112.53 -7.01 -10.83 -6.26 -10.08 -7.07 -6.36 -6.20 -8.81 -7.85 -8.18 -7.78 -5.62 -7.01 -8.42 -6.47 -13.41 -10.53 -7.12 -7.11 -7.31 -7.55 -6.81 -7.85
-35.28 -91.88 -60.95 -55.66 -97.09 -1842.62 -230.27 -99.28 -34.96 -268.45 -628.79 -30.40 -28.61 -213.36 -62.55 -27.25 -8.58 -6.24 -7.86 -6.34 -6.56 -6.38 -7.94 -7.83 -13.13 -5.44 -8.60 -7.46 -7.86 -7.85 -5.76 -9.68 -10.44 -9.64 -11.41 -9.29 -8.28 -7.71 -8.95
-35.28 -91.88 -60.95 -55.66 -97.09 -1844.14 -230.27 -99.28 -34.96 -268.45 -633.58 -30.40 -28.61 -213.36 -62.55 -27.25 -8.58 -6.24 -7.86 -6.34 -6.56 -6.38 -7.94 -7.83 -13.13 -5.44 -8.60 -7.46 -7.86 -7.85 -5.76 -9.68 -10.44 -9.64 -11.41 -9.29 -8.28 -7.71 -8.95
-35.28 -91.88 -60.95 -55.66 -97.09 -1844.14 -230.27 -99.28 -34.96 -268.45 -633.58 -30.40 -28.61 -213.36 -62.55 -27.25 -8.58 -6.24 -7.86 -6.34 -6.56 -6.38 -7.94 -7.83 -13.13 -5.44 -8.60 -7.46 -7.86 -7.85 -5.76 -9.68 -10.44 -9.64 -11.41 -9.29 -8.28 -7.71 -8.95
-36.86 -97.59 -55.72 -51.36 -87.67 -1831.34 -222.04 -87.24 -33.35 -299.76 -612.95 -30.14 -25.78 -203.41 -52.96 -24.16 -11.59 -7.55 -8.62 -7.46 -7.38 -5.30 -7.95 -6.48 -13.16 -5.97 -7.45 -7.46 -10.02 -6.10 -6.63 -9.51 -9.58 -7.30 -8.76 -9.29 -6.67 -7.69 -8.50
-33.97 -100.66 -54.99 -56.95 -97.06 -1859.57 -228.72 -87.29 -34.31 -299.26 -619.42 -30.56 -30.15 -203.42 -54.82 -26.35 -11.59 -7.55 -7.25 -7.46 -5.80 -5.29 -7.17 -6.49 -13.16 -5.40 -5.31 -7.46 -7.59 -7.76 -7.04 -11.37 -9.58 -7.30 -8.76 -9.29 -6.67 -7.69 -8.50
-33.97 -100.66 -54.99 -56.95 -97.06 -1857.87 -228.72 -87.29 -34.31 -299.26 -618.08 -30.56 -30.15 -203.42 -54.82 -26.35 -11.59 -7.55 -7.25 -7.46 -5.80 -5.29 -7.17 -6.49 -13.16 -5.40 -5.31 -7.46 -7.59 -7.76 -7.04 -11.37 -9.58 -7.30 -8.76 -9.29 -6.67 -7.69 -8.50
-27.33 -299.93 -35.90 -75.08 -103.90 -242.25 -1915.59 -70.07 -38.04 -112.62 -141.93 -19.69 -33.24 -1009.31 -36.25 -27.45 -9.88 -7.25 -7.71 -7.97 -6.43 -6.65 -6.38 -6.02 -7.51 -7.59 -8.47 -8.00 -6.87 -6.88 -7.31 -7.41 -6.95 -6.38 -7.69 -7.69 -7.66 -10.72 -5.93
-27.33 -299.93 -35.90 -75.08 -103.90 -242.26 -1923.28 -70.07 -38.04 -112.62 -141.93 -19.68 -33.24 -1007.01 -36.24 -27.45 -9.88 -7.25 -8.01 -7.97 -6.43 -6.65 -6.26 -6.02 -7.51 -7.58 -8.47 -8.00 -6.87 -6.88 -7.31 -7.41 -6.95 -6.38 -7.69 -7.69 -7.66 -10.72 -5.93
-27.33 -299.50 -35.90 -70.85 -103.73 -239.95 -1921.53 -68.75 -38.04 -111.94 -141.43 -19.68 -33.24 -1003.93 -36.24 -27.45 -9.88 -7.25 -8.01 -7.97 -6.43 -6.65 -6.26 -6.02 -7.51 -7.58 -8.47 -9.23 -6.87 -6.88 -7.31 -7.41 -6.95 -6.38 -7.69 -7.69 -7.66 -10.72 -5.93
-27.33 -298.94 -35.90 -75.08 -103.90 -243.84 -1922.34 -70.07 -38.04 -112.62 -141.93 -19.68 -33.24 -1006.08 -36.24 -27.45 -9.88 -7.24 -8.01 -7.97 -6.43 -6.65 -6.26 -6.02 -7.51 -7.58 -8.47 -8.00 -6.87 -6.88 -7.31 -7.41 -6.95 -6.38 -7.69 -7.69 -7.66 -10.72 -5.93
-27.33 -299.93 -35.90 -75.08 -103.90 -242.26 -1921.29 -70.07 -38.04 -112.62 -141.93 -19.69 -33.24 -1001.77 -36.24 -27.45 -9.88 -7.24 -8.01 -7.97 -6.43 -6.65 -6.26 -6.02 -7.51 -7.59 -8.47 -8.00 -6.87 -6.87 -7.31 -7.41 -6.95 -6.38 -7.69 -7.68 -7.66 -10.72 -5.93
-27.33 -299.93 -35.90 -75.08 -103.90 -242.26 -1921.29 -70.07 -38.04 -112.62 -141.93 -19.69 -33.24 -1001.77 -36.24 -27.45 -9.88 -7.24 -8.01 -7.97 -6.43 -6.65 -6.26 -6.02 -7.51 -7.59 -8.47 -8.00 -6.87 -6.87 -7.31 -7.41 -6.95 -6.38 -7.69 -7.68 -7.66 -10.72 -5.93
-67.17 -49.30 -240.72 -172.92 -1038.63 -118.46 -77.75 -1820.62 -38.81 -34.23 -58.35 -56.16 -67.69 -60.59 -105.18 -88.63 -6.69 -6.59 -8.02 -9.74 -6.82 -7.10 -9.85 -8.02 -6.83 -8.82 -6.41 -6.67 -7.76 -7.08 -9.62 -7.99 -6.48 -7.10 -7.91 -8.57 -8.16 -8.57 -6.19
-60.15 -55.59 -234.02 -183.11 -1019.38 -125.94 -81.06 -1851.50 -49.30 -34.95 -55.59 -63.67 -68.29 -64.22 -95.16 -86.16 -6.69 -6.98 -6.70 -7.23 -6.79 -7.10 -6.84 -8.26 -6.71 -8.82 -7.54 -6.75 -7.76 -6.87 -9.53 -14.81 -7.70 -8.45 -9.47 -7.88 -10.50 -9.27 -5.85
-47.57 -36.52 -192.94 -169.27 -1025.51 -116.23 -66.96 -1813.49 -44.29 -30.28 -26.02 -57.62 -69.10 -41.52 -78.04 -74.97 -6.87 -9.22 -9.77 -8.46 -6.48 -5.52 -7.21 -8.35 -8.35 -7.78 -7.12 -8.01 -7.35 -8.54 -7.99 -32.05 -7.83 -7.20 -8.14 -7.28 -10.50 -10.47 -7.63
-68.65 -40.73 -203.94 -168.40 -1069.44 -125.04 -71.54 -1870.50 -43.23 -28.83 -36.95 -46.46 -63.82 -49.73 -92.38 -78.86 -5.10 -9.22 -10.76 -6.09 -6.67 -6.53 -6.84 -8.11 -11.31 -8.67 -6.40 -6.60 -7.87 -8.08 -8.04 -25.25 -6.30 -8.17 -8.14 -7.28 -10.50 -9.30 -6.95
-63.07 -35.94 -189.44 -173.95 -1045.57 -116.08 -73.57 -1838.83 -40.39 -27.84 -33.63 -61.79 -70.50 -47.92 -84.48 -85.65 -6.87 -9.22 -9.77 -5.75 -6.23 -5.52 -6.84 -5.98 -9.53 -7.78 -6.12 -8.01 -7.35 -7.14 -9.16 -33.68 -7.83 -7.20 -8.14 -9.15 -10.50 -8.88 -6.95
-62.45 -47.35 -260.23 -167.56 -1034.16 -104.44 -95.33 -1594.47 -50.78 -25.61 -53.15 -57.17 -70.22 -47.69 -76.27 -79.96 -8.98 -6.75 -7.23 -5.87 -7.76 -6.19 -6.18 -8.35 -6.85 -7.68 -8.09 -6.10 -7.01 -6.58 -7.98 -13.41 -7.68 -8.78 -8.15 -6.73 -7.22 -7.41 -8.34
-350.68 -58.64 -178.95 -123.92 -151.10 -119.70 -102.69 -152.30 -1864.55 -41.66 -59.04 -554.20 -300.68 -56.75 -100.38 -62.92 -6.39 -7.65 -7.76 -12.13 -6.15 -8.10 -6.08 -5.37 -6.49 -5.55 -8.09 -6.22 -10.44 -10.40 -9.18 -29.20 -8.72 -5.84 -6.90 -7.05 -7.70 -7.68 -7.78
-356.48 -58.64 -183.43 -127.76 -154.73 -120.20 -102.64 -155.52 -1860.54 -41.66 -59.04 -550.58 -305.64 -56.75 -104.05 -62.92 -6.39 -7.65 -7.76 -12.13 -6.15 -8.10 -6.08 -5.37 -6.49 -5.55 -8.09 -6.22 -10.44 -8.25 -9.18 -29.20 -8.72 -5.84 -6.90 -7.05 -7.70 -7.60 -7.78
-328.77 -50.51 -168.88 -139.15 -162.79 -128.94 -128.59 -153.05 -1954.91 -41.23 -49.52 -604.55 -300.32 -42.38 -80.92 -60.35 -6.83 -8.77 -6.75 -11.79 -6.92 -8.67 -6.08 -7.82 -7.67 -5.70 -9.42 -6.58 -7.70 -10.71 -9.18 -17.42 -8.03 -7.19 -8.17 -8.16 -7.43 -9.22 -9.40
-314.72 -57.11 -148.17 -127.70 -174.88 -109.26 -104.28 -149.90 -1933.71 -42.37 -47.73 -578.61 -334.94 -41.68 -99.38 -66.47 -7.64 -10.58 -7.00 -8.82 -5.03 -10.98 -7.80 -8.60 -6.66 -7.24 -8.00 -9.35 -9.86 -6.30 -9.01 -31.01 -7.38 -6.82 -6.90 -7.29 -7.60 -9.26 -6.67
-330.14 -48.50 -181.80 -134.73 -151.01 -121.26 -125.14 -155.95 -1982.29 -38.71 -53.98 -549.44 -304.15 -46.31 -85.58 -55.51 -5.91 -7.65 -7.76 -12.90 -6.92 -8.10 -6.08 -13.94 -6.49 -5.70 -9.42 -6.21 -7.64 -10.71 -9.18 -28.41 -8.72 -6.35 -8.17 -5.77 -7.70 -7.97 -9.40
-302.92 -56.67 -154.64 -117.89 -150.67 -100.86 -113.52 -154.70 -1795.44 -44.14 -58.88 -625.45 -305.30 -46.26 -122.52 -69.89 -6.52 -7.64 -7.89 -8.33 -6.92 -10.98 -6.48 -7.64 -7.32 -7.84 -8.00 -9.84 -9.86 -6.46 -8.18 -18.31 -5.68 -6.82 -9.09 -7.68 -7.06 -7.86 -10.44
-8.54 -10.27 -5.58 -6.08 -8.84 -6.52 -7.34 -8.33 -8.78 -7.82 -9.04 -7.45 -8.19 -6.96 -8.66 -7.97 -8.41 -1670.00 -27.43 -30.03 -303.94 -100.72 -27.55 -26.49 -134.47 -21.50 -9.09 -5.47 -6.90 -7.94 -10.26 -8.22 -8.65 -7.07 -6.38 -7.00 -8.36 -8.34 -9.85
-8.54 -10.27 -5.58 -6.08 -9.15 -7.05 -7.34 -8.04 -8.78 -7.82 -9.04 -7.45 -8.19 -7.25 -8.66 -7.97 -8.41 -1664.57 -27.43 -29.95 -298.82 -101.45 -27.55 -27.02 -133.94 -21.50 -9.09 -5.47 -6.90 -7.94 -10.26 -8.22 -8.65 -7.28 -6.38 -7.00 -8.36 -8.34 -9.85
-16.62 -44.84 -26.10 -33.07 -28.16 -154.17 -52.16 -21.97 -16.60 -1278.10 -51.43 -18.17 -26.94 -70.79 -14.42 -16.05 -5.67 -7.02 -5.89 -8.51 -7.77 -7.07 -6.66 -7.48 -9.13 -7.07 -7.14 -7.20 -8.23 -7.33 -9.24 -8.27 -7.39 -6.11 -9.49 -6.79 -8.49 -14.07 -8.80
-29.67 -120.49 -31.83 -60.12 -41.86 -447.95 -206.40 -43.22 -32.19 -2083.34 -334.97 -37.90 -29.89 -181.84 -23.86 -20.55 -5.17 -6.53 -5.40 -8.01 -7.28 -6.83 -7.51 -6.99 -8.64 -6.58 -6.65 -7.12 -7.74 -6.84 -8.75 -14.19 -6.90 -6.57 -9.00 -6.30 -8.00 -13.58 -8.37
-28.18 -116.14 -33.28 -56.18 -48.16 -447.70 -210.56 -48.76 -30.49 -2088.34 -335.86 -33.05 -31.22 -175.44 -27.11 -21.87 -5.17 -6.53 -5.40 -10.17 -7.28 -6.72 -7.51 -6.99 -8.64 -6.58 -6.65 -7.12 -7.74 -6.84 -8.75 -14.19 -6.90 -6.57 -9.00 -6.30 -8.00 -13.58 -8.37
-31.03 -118.85 -31.51 -61.69 -41.81 -450.54 -205.09 -44.44 -28.74 -2101.48 -324.83 -34.57 -30.11 -177.32 -24.48 -17.44 -5.17 -6.53 -5.40 -8.01 -7.28 -6.72 -6.57 -6.99 -8.64 -6.58 -6.65 -7.12 -7.74 -6.84 -8.75 -14.19 -6.90 -6.57 -9.00 -6.30 -8.00 -13.58 -8.37
-32.71 -128.82 -37.02 -65.22 -47.73 -470.51 -209.42 -45.82 -39.61 -2087.40 -336.89 -38.89 -35.24 -190.86 -23.30 -24.95 -5.59 -6.53 -5.35 -8.20 -7.28 -6.58 -8.76 -6.76 -8.64 -6.58 -6.87 -7.12 -7.74 -6.84 -8.75 -14.19 -6.90 -6.57 -9.00 -6.30 -8.00 -13.58 -8.37
-33.84 -128.57 -37.26 -64.52 -45.65 -462.62 -204.55 -46.15 -39.95 -2080.84 -334.23 -40.20 -33.59 -188.43 -25.12 -24.79 -5.17 -6.53 -5.35 -6.32 -7.28 -6.31 -8.45 -6.76 -8.64 -6.58 -6.87 -7.12 -7.74 -6.84 -8.75 -14.19 -6.90 -6.57 -9.00 -6.02 -8.00 -13.58 -8.37
-33.29 -109.70 -84.06 -65.14 -97.72 -723.20 -209.80 -88.47 -44.92 -322.31 -1961.81 -38.76 -35.73 -201.81 -48.26 -31.04 -5.72 -8.56 -6.51 -7.25 -8.45 -7.37 -7.68 -7.06 -6.74 -6.54 -9.38 -5.95 -8.60 -9.54 -8.78 -11.77 -10.65 -7.19 -6.83 -7.92 -8.00 -8.09 -6.75
-32.03 -118.41 -79.45 -64.90 -88.10 -736.11 -207.96 -84.22 -44.59 -326.18 -1982.03 -35.55 -32.63 -201.23 -49.64 -29.88 -5.71 -8.55 -6.86 -8.05 -8.48 -7.36 -7.63 -6.50 -6.73 -5.94 -9.37 -5.94 -7.50 -9.53 -9.75 -11.76 -10.64 -7.18 -6.81 -7.91 -7.99 -8.08 -7.41
-36.66 -104.30 -82.15 -61.90 -87.46 -745.70 -215.79 -84.60 -47.73 -339.59 -2061.43 -37.02 -34.29 -209.63 -47.49 -27.00 -4.97 -8.55 -6.96 -8.10 -7.34 -7.36 -6.69 -7.69 -6.73 -6.53 -7.73 -5.94 -7.30 -9.72 -9.77 -15.87 -10.64 -6.67 -8.89 -6.09 -7.99 -8.39 -6.74
-37.17 -111.22 -84.37 -68.78 -98.95 -742.35 -208.13 -95.82 -50.97 -346.89 -2035.93 -41.45 -31.42 -219.38 -52.49 -29.00 -4.45 -6.93 -6.98 -8.12 -7.36 -7.37 -7.69 -7.07 -8.35 -6.55 -8.73 -6.90 -8.22 -8.21 -10.19 -15.89 -6.56 -6.75 -6.39 -6.11 -8.39 -11.54 -6.76
-35.68 -98.96 -81.91 -55.77 -100.24 -732.14 -204.31 -84.81 -45.95 -338.31 -2012.35 -30.99 -35.21 -201.52 -49.88 -25.99 -5.03 -8.55 -5.51 -8.10 -7.34 -7.36 -6.95 -8.82 -6.73 -6.53 -8.71 -5.06 -12.84 -7.42 -9.77 -21.52 -10.64 -9.20 -7.07 -6.09 -7.99 -8.39 -6.74
-24.73 -116.09 -85.51 -68.60 -88.50 -653.60 -185.45 -92.32 -55.45 -318.95 -1604.41 -54.31 -55.84 -193.60 -56.30 -34.71 -6.26 -7.65 -7.09 -10.32 -9.19 -8.09 -12.00 -7.87 -6.16 -6.57 -7.69 -6.32 -10.38 -8.52 -7.04 -22.07 -7.71 -7.35 -6.71 -8.00 -7.12 -8.19 -11.06
-367.06 -55.44 -156.41 -123.01 -188.36 -110.20 -89.70 -196.52 -779.98 -50.46 -57.21 -1770.27 -286.67 -49.74 -125.49 -55.55 -5.49 -7.08 -7.91 -7.05 -8.00 -8.67 -6.85 -10.03 -7.47 -9.54 -8.85 -7.28 -10.70 -8.18 -7.46 -14.66 -7.38 -6.98 -7.34 -5.05 -6.23 -8.91 -7.60
-332.69 -55.85 -117.43 -83.13 -146.43 -94.26 -88.54 -174.45 -661.56 -42.74 -57.17 -1569.63 -235.25 -44.06 -88.65 -42.89 -4.60 -5.95 -6.44 -7.05 -7.44 -8.98 -6.16 -10.03 -6.99 -7.84 -7.38 -8.21 -10.69 -6.91 -7.46 -16.90 -7.38 -10.44 -8.13 -8.27 -7.22 -8.91 -9.29
-305.31 -48.56 -140.71 -98.09 -150.12 -94.15 -95.46 -158.08 -659.53 -38.80 -40.69 -1969.64 -269.55 -36.33 -105.86 -60.25 -5.54 -8.35 -7.23 -7.42 -6.63 -8.98 -7.90 -7.47 -8.99 -8.95 -7.66 -8.18 -8.54 -7.33 -9.39 -21.45 -7.67 -6.79 -6.33 -7.12 -8.79 -8.15 -11.55
-279.29 -48.95 -106.39 -91.61 -152.22 -75.33 -83.03 -150.49 -641.18 -42.72 -40.44 -2138.28 -241.35 -38.48 -95.84 -58.25 -5.90 -5.74 -8.99 -7.42 -6.63 -9.26 -6.35 -9.86 -7.33 -8.33 -6.49 -10.02 -8.00 -6.40 -6.66 -13.83 -5.88 -6.19 -6.66 -6.36 -6.74 -8.03 -11.55
-282.41 -47.12 -107.61 -91.74 -150.59 -75.92 -90.94 -147.16 -617.63 -44.84 -38.35 -2087.48 -241.73 -40.59 -104.83 -59.17 -5.90 -8.35 -8.99 -7.42 -6.63 -9.26 -6.35 -9.31 -6.48 -8.33 -6.49 -10.02 -8.24 -6.90 -5.39 -18.67 -5.47 -6.19 -6.66 -6.36 -7.16 -7.67 -11.55
-307.18 -44.55 -112.44 -86.90 -140.09 -78.80 -81.22 -151.90 -685.05 -44.88 -35.22 -2094.50 -255.66 -39.28 -117.70 -57.91 -6.90 -6.37 -8.99 -6.82 -9.15 -9.26 -7.90 -7.47 -6.77 -9.01 -9.62 -6.54 -8.24 -8.17 -7.18 -18.67 -6.86 -6.19 -6.66 -6.08 -7.91 -8.05 -8.29
-260.04 -44.52 -91.22 -183.79 -152.83 -109.23 -103.54 -182.11 -267.32 -28.25 -32.74 -214.40 -1901.35 -49.30 -124.79 -49.47 -8.82 -7.50 -5.74 -7.15 -7.60 -7.79 -8.67 -6.43 -8.38 -6.95 -9.00 -6.52 -6.76 -8.66 -8.28 -25.26 -10.10 -8.22 -8.72 -7.16 -8.49 -9.79 -9.01
-259.89 -58.52 -115.28 -180.57 -140.19 -90.20 -102.28 -170.30 -286.49 -36.89 -25.43 -215.09 -2010.48 -49.95 -129.36 -45.81 -8.82 -8.30 -8.50 -8.30 -7.60 -8.80 -8.67 -8.51 -7.10 -6.13 -9.01 -6.87 -8.18 -7.18 -8.28 -17.65 -6.43 -7.73 -11.02 -6.29 -6.63 -8.55 -8.59
-264.14 -58.89 -112.23 -185.61 -143.39 -94.64 -102.78 -176.15 -282.70 -34.89 -25.57 -212.07 -1995.35 -46.15 -128.42 -48.65 -8.83 -9.33 -6.54 -8.31 -7.02 -8.82 -8.68 -8.04 -7.12 -7.04 -9.02 -6.88 -8.19 -7.12 -8.30 -14.20 -6.44 -6.96 -9.24 -6.31 -6.64 -8.56 -8.60
-259.79 -57.44 -84.76 -183.28 -148.69 -101.10 -101.09 -174.00 -273.29 -30.45 -38.47 -230.85 -1949.45 -47.40 -110.70 -44.32 -7.83 -8.73 -6.52 -7.15 -5.42 -10.58 -10.58 -8.43 -8.99 -6.41 -6.15 -6.86 -11.61 -8.66 -6.64 -25.26 -9.07 -8.50 -9.88 -7.16 -8.49 -9.79 -9.01
-252.98 -38.06 -96.25 -168.47 -120.88 -76.45 -86.04 -146.85 -256.49 -26.52 -23.97 -194.55 -1802.20 -46.40 -99.81 -45.12 -8.88 -6.48 -6.52 -6.28 -8.04 -7.04 -8.66 -8.02 -11.80 -6.95 -9.00 -7.16 -6.03 -7.75 -7.75 -22.81 -6.40 -8.40 -14.05 -5.45 -7.20 -6.92 -9.34
-229.70 -62.43 -112.78 -198.79 -171.70 -66.42 -101.85 -179.90 -258.78 -41.27 -41.56 -238.03 -1620.47 -45.12 -90.80 -55.13 -7.97 -9.03 -6.87 -7.56 -7.34 -7.27 -8.17 -7.59 -8.39 -9.11 -9.90 -7.80 -7.29 -10.16 -9.22 -15.88 -7.32 -6.12 -7.38 -7.01 -6.72 -8.06 -10.04
-26.61 -338.19 -38.66 -46.30 -64.03 -265.45 -826.66 -91.07 -31.27 -125.44 -137.37 -30.94 -41.21 -1840.84 -29.02 -22.67 -6.70 -10.65 -7.50 -6.55 -7.16 -7.57 -9.00 -6.47 -10.55 -7.19 -7.75 -6.57 -6.54 -9.25 -10.02 -11.16 -9.10 -6.42 -7.72 -9.40 -7.99 -8.29 -7.39
-30.35 -348.11 -39.66 -66.75 -66.66 -245.65 -820.06 -53.25 -33.27 -106.68 -181.51 -23.99 -34.97 -1826.65 -33.44 -40.58 -6.69 -6.25 -10.13 -6.76 -6.45 -7.53 -7.88 -7.20 -7.83 -10.07 -7.58 -6.76 -9.17 -7.03 -8.87 -16.95 -6.89 -7.94 -9.59 -5.90 -6.28 -8.43 -6.73
-32.60 -334.61 -42.31 -60.53 -67.65 -247.07 -827.81 -58.32 -34.39 -88.44 -174.92 -24.49 -35.84 -1851.67 -33.01 -41.99 -6.69 -6.25 -7.73 -6.76 -6.45 -6.47 -7.52 -6.55 -7.83 -10.07 -6.26 -6.76 -9.17 -5.99 -8.87 -13.48 -7.06 -7.94 -9.59 -5.49 -6.91 -7.63 -7.01
-29.85 -364.21 -45.88 -49.98 -88.32 -266.65 -827.67 -96.67 -32.44 -121.11 -136.74 -30.55 -30.35 -1852.60 -27.89 -28.82 -6.69 -8.21 -7.08 -9.50 -10.03 -8.64 -7.21 -6.93 -10.54 -12.87 -7.74 -6.56 -7.34 -8.03 -10.01 -10.14 -8.90 -6.41 -8.99 -9.39 -10.19 -9.61 -7.25
-24.21 -354.32 -34.89 -55.32 -67.58 -266.21 -830.93 -84.86 -35.11 -123.53 -138.99 -31.40 -30.45 -1857.34 -26.76 -25.85 -6.69 -9.11 -7.49 -9.50 -10.03 -8.64 -7.56 -6.93 -10.54 -10.71 -7.74 -4.82 -7.40 -9.24 -9.91 -9.43 -9.90 -6.41 -8.99 -9.39 -12.65 -9.27 -7.38
-33.85 -350.88 -31.72 -52.73 -54.03 -248.42 -810.33 -78.90 -45.68 -128.73 -128.29 -33.95 -30.75 -1564.89 -29.96 -26.35 -5.50 -8.24 -7.11 -9.53 -10.05 -10.20 -9.45 -7.74 -7.57 -7.54 -7.53 -5.82 -6.51 -6.64 -9.47 -9.99 -6.44 -6.44 -10.84 -8.91 -6.26 -7.79 -7.87
-67.77 -16.96 -117.22 -391.74 -204.92 -114.07 -88.18 -180.69 -66.15 -29.96 -50.83 -48.99 -101.96 -31.28 -2019.13 -156.14 -5.70 -7.62 -8.30 -6.99 -7.50 -7.87 -7.10 -6.27 -8.22 -7.17 -9.16 -5.37 -5.99 -7.86 -10.41 -16.59 -6.98 -8.09 -7.90 -6.37 -6.34 -7.81 -8.57
-74.86 -23.82 -123.34 -402.64 -195.46 -107.45 -130.06 -175.36 -75.03 -31.07 -60.55 -47.42 -104.06 -36.23 -1909.84 -143.88 -6.01 -9.12 -7.88 -7.45 -11.45 -9.48 -6.59 -6.27 -8.22 -8.16 -8.17 -6.54 -7.14 -7.86 -8.26 -27.26 -6.76 -13.66 -7.88 -4.84 -6.96 -9.10 -8.14
-83.45 -28.49 -112.20 -395.49 -170.90 -139.41 -112.73 -164.96 -73.97 -31.92 -46.43 -48.36 -119.91 -44.19 -1714.40 -135.56 -6.62 -10.41 -6.56 -6.71 -9.16 -8.39 -6.57 -8.20 -8.27 -7.79 -8.17 -5.66 -10.72 -7.85 -7.97 -20.41 -5.80 -8.09 -6.83 -6.67 -7.77 -7.53 -7.57
-69.16 -24.03 -127.65 -373.09 -202.77 -118.12 -104.37 -168.95 -84.73 -36.48 -59.57 -55.15 -113.77 -37.91 -1931.46 -149.16 -5.70 -10.02 -8.30 -7.45 -7.51 -5.88 -6.66 -6.27 -6.82 -8.16 -8.17 -6.54 -8.15 -7.86 -8.26 -29.70 -6.98 -8.26 -7.87 -5.38 -6.96 -7.81 -8.57
-72.97 -22.88 -114.84 -405.37 -209.35 -120.17 -105.30 -174.72 -65.45 -25.57 -55.03 -51.42 -85.95 -38.67 -2004.81 -147.59 -5.73 -9.12 -8.30 -6.60 -9.16 -9.48 -6.21 -6.27 -8.22 -7.07 -8.17 -5.85 -7.64 -7.33 -10.45 -21.48 -5.08 -8.44 -8.26 -5.23 -7.76 -8.54 -8.57
-65.88 -16.66 -111.69 -378.82 -199.32 -107.58 -105.87 -181.61 -52.74 -25.06 -46.78 -44.36 -88.69 -27.90 -2065.08 -157.48 -7.15 -7.87 -8.30 -6.99 -6.99 -7.87 -6.66 -6.27 -8.22 -7.17 -7.91 -6.13 -6.96 -6.84 -10.41 -18.66 -6.98 -13.66 -6.50 -6.37 -7.76 -6.43 -8.57
-17.53 -11.41 -28.54 -85.84 -26.26 -19.10 -13.43 -41.16 -20.97 -10.73 -9.29 -13.03 -47.26 -11.93 -29.20 -965.28 -10.42 -9.01 -7.45 -5.80 -5.81 -9.06 -7.36 -6.54 -6.18 -5.77 -8.23 -4.51 -7.30 -7.51 -7.49 -10.18 -7.41 -6.10 -7.71 -7.88 -6.88 -8.20 -6.91
-39.38 -38.73 -109.88 -293.01 -215.88 -90.30 -113.98 -169.00 -66.71 -23.05 -42.20 -63.67 -61.60 -38.00 -157.19 -1876.51 -8.61 -8.07 -8.62 -6.00 -7.20 -7.06 -6.95 -6.30 -5.72 -6.75 -7.55 -5.44 -7.12 -8.24 -7.27 -8.51 -6.11 -8.23 -7.25 -9.59 -8.91 -7.19 -6.82
-44.46 -44.97 -96.99 -242.86 -222.56 -81.02 -105.56 -199.81 -73.47 -24.52 -42.23 -56.08 -60.31 -40.55 -190.74 -1639.10 -9.89 -8.48 -8.77 -6.33 -7.02 -8.53 -5.91 -6.46 -6.27 -9.75 -7.70 -8.01 -6.74 -6.09 -6.76 -8.17 -6.88 -8.95 -7.40 -9.74 -7.95 -7.35 -7.35
-39.38 -45.69 -90.41 -262.91 -223.18 -85.89 -107.15 -197.92 -67.34 -24.58 -39.44 -51.83 -56.50 -39.66 -194.57 -1952.91 -9.73 -8.32 -8.62 -5.11 -5.49 -8.37 -7.62 -6.30 -5.77 -9.59 -7.55 -6.10 -6.62 -5.92 -5.99 -10.09 -6.72 -8.79 -7.25 -8.73 -7.80 -7.52 -8.16
-34.65 -41.97 -86.15 -271.00 -232.75 -74.23 -103.95 -207.94 -63.05 -25.11 -32.47 -54.89 -56.27 -39.05 -186.01 -2001.10 -9.69 -8.68 -8.58 -5.62 -7.16 -8.33 -6.64 -6.26 -5.68 -6.62 -7.51 -6.06 -9.22 -6.78 -6.87 -9.46 -6.68 -8.75 -7.21 -8.69 -6.15 -7.48 -10.95
-37.30 -39.96 -89.00 -252.51 -227.20 -68.99 -104.32 -208.77 -72.66 -26.47 -30.30 -51.49 -56.35 -39.17 -181.29 -1968.74 -7.43 -8.28 -7.74 -5.17 -5.28 -8.33 -7.58 -5.59 -5.68 -7.76 -7.50 -9.61 -9.22 -7.07 -6.86 -8.27 -7.52 -8.75 -7.20 -9.03 -6.15 -10.09 -10.95
-7.36 -7.24 -5.70 -5.82 -5.23 -7.93 -7.49 -6.51 -5.30 -6.00 -6.79 -8.07 -8.84 -6.93 -7.32 -8.14 -1213.53 -8.56 -9.49 -9.89 -7.16 -7.72 -9.46 -6.41 -7.69 -6.05 -12.48 -6.23 -7.09 -6.79 -8.69 -7.84 -5.83 -7.58 -6.85 -5.87 -7.92 -7.92 -9.13
-7.88 -7.24 -7.20 -7.55 -5.97 -6.70 -7.13 -5.99 -6.23 -5.20 -7.15 -6.75 -7.41 -6.96 -6.53 -6.75 -1202.00 -6.18 -6.59 -9.89 -7.16 -7.78 -9.46 -8.00 -6.87 -7.02 -6.90 -6.21 -10.04 -7.68 -8.69 -6.16 -6.28 -8.70 -7.32 -6.34 -7.17 -7.85 -9.13
-8.66 -10.24 -10.11 -6.83 -8.10 -7.94 -8.19 -6.47 -7.66 -7.06 -8.52 -6.64 -8.16 -7.31 -9.25 -9.17 -9.93 -1518.69 -31.84 -34.10 -321.20 -99.82 -26.14 -30.71 -101.05 -30.84 -9.15 -6.78 -9.65 -9.50 -9.80 -7.31 -8.07 -8.90 -7.71 -6.23 -6.86 -8.46 -8.54
-6.29 -6.41 -5.70 -6.59 -7.09 -6.97 -10.35 -7.62 -5.58 -6.00 -6.99 -8.07 -8.84 -6.41 -5.89 -8.14 -1225.35 -7.04 -7.57 -8.23 -7.16 -7.72 -9.48 -8.00 -7.69 -7.29 -6.82 -6.23 -10.04 -7.10 -8.69 -6.79 -5.83 -8.10 -6.85 -6.34 -7.92 -9.49 -9.47
-7.13 -7.25 -6.45 -7.57 -5.42 -9.51 -7.66 -5.82 -5.83 -6.01 -6.81 -6.76 -6.94 -6.46 -7.33 -8.17 -1146.36 -9.37 -7.59 -6.46 -7.18 -7.66 -7.77 -6.43 -7.42 -6.66 -6.83 -7.67 -10.05 -7.90 -8.70 -7.86 -5.84 -8.11 -6.86 -6.74 -9.64 -7.94 -10.57
-7.93 -6.41 -5.70 -6.43 -6.77 -6.88 -10.88 -7.46 -5.38 -8.06 -7.41 -6.90 -8.84 -7.07 -7.69 -8.38 -1134.48 -7.74 -7.57 -8.23 -7.16 -6.62 -8.11 -7.17 -8.06 -7.94 -7.75 -6.23 -7.56 -7.78 -8.69 -8.09 -6.32 -5.05 -7.32 -6.34 -7.30 -7.20 -7.29
-7.36 -7.24 -5.60 -6.28 -6.49 -7.93 -7.12 -5.78 -6.30 -6.25 -9.30 -8.62 -7.31 -8.16 -5.85 -9.04 -1154.15 -8.56 -8.37 -7.72 -7.16 -8.75 -7.75 -6.88 -8.17 -7.57 -8.73 -6.21 -7.80 -7.68 -8.69 -8.44 -5.83 -8.90 -6.85 -6.34 -6.16 -7.92 -9.13
-9.03 -8.63 -6.46 -7.45 -8.32 -7.27 -7.13 -5.33 -8.63 -8.46 -9.28 -7.98 -7.33 -9.37 -8.07 -6.54 -7.95 -10.48 -6.70 -10.74 -6.92 -9.61 -6.32 -7.42 -6.23 -6.96 -1685.68 -12.17 -9.10 -7.69 -8.38 -6.52 -8.35 -8.88 -19.51 -8.85 -8.94 -8.26 -7.05
-9.03 -8.69 -5.74 -7.85 -8.12 -7.79 -12.01 -6.86 -9.55 -7.18 -10.87 -7.86 -5.97 -8.18 -6.70 -7.73 -7.95 -8.26 -6.10 -6.85 -8.51 -10.56 -6.51 -6.37 -6.23 -7.60 -1654.13 -7.58 -7.64 -8.80 -7.59 -8.53 -8.35 -7.65 -11.57 -6.07 -6.47 -7.46 -7.88
-9.03 -8.69 -5.07 -6.97 -8.45 -7.79 -14.31 -6.86 -11.09 -7.18 -10.87 -7.86 -5.97 -8.18 -7.05 -7.73 -7.95 -8.26 -6.10 -5.90 -8.51 -11.19 -6.51 -6.37 -6.23 -7.64 -1648.22 -7.90 -8.34 -8.80 -8.60 -8.53 -11.33 -7.65 -12.16 -6.07 -6.47 -6.93 -11.10
-7.16 -8.66 -7.04 -7.29 -8.34 -6.87 -8.35 -8.20 -9.57 -7.43 -8.89 -7.48 -11.36 -7.08 -9.54 -8.36 -7.97 -7.12 -6.47 -6.84 -6.94 -8.19 -8.52 -8.11 -5.85 -7.97 -1582.25 -5.53 -10.56 -8.82 -7.61 -6.31 -12.33 -7.67 -18.48 -5.86 -7.68 -6.75 -7.90
-6.81 -7.69 -6.68 -8.05 -8.18 -7.91 -7.99 -6.72 -6.60 -7.73 -8.31 -7.80 -7.73 -9.20 -8.95 -9.11 -6.28 -7.96 -7.04 -7.20 -6.59 -6.39 -9.30 -5.47 -6.71 -8.33 -1697.52 -8.21 -7.54 -8.06 -8.55 -10.28 -9.74 -7.14 -16.87 -6.71 -7.80 -5.45 -7.88
-6.81 -7.69 -6.68 -8.05 -7.46 -7.91 -7.99 -6.72 -6.60 -6.20 -8.31 -7.80 -7.73 -9.20 -8.95 -9.11 -5.93 -7.96 -7.04 -7.20 -6.59 -6.39 -9.30 -5.47 -6.71 -8.33 -1690.75 -8.21 -7.54 -8.06 -8.55 -8.53 -9.74 -6.61 -16.87 -6.71 -7.80 -5.78 -7.76
-7.37 -7.54 -10.25 -7.30 -7.80 -6.70 -6.28 -8.75 -9.41 -7.01 -7.09 -8.61 -7.61 -9.06 -7.64 -8.86 -6.60 -1489.51 -22.89 -29.73 -309.73 -117.78 -33.29 -24.98 -128.46 -22.04 -11.35 -6.43 -8.08 -8.73 -7.11 -7.30 -5.52 -10.53 -7.94 -8.00 -8.71 -7.65 -7.57
-7.92 -10.18 -10.34 -8.22 -8.05 -5.69 -6.32 -6.54 -8.87 -8.47 -7.73 -7.79 -8.04 -9.74 -7.24 -7.42 -5.85 -8.56 -8.50 -8.73 -7.92 -6.26 -6.89 -6.28 -6.63 -8.69 -8.35 -726.01 -8.35 -9.93 -7.45 -6.78 -7.32 -10.08 -6.72 -10.25 -7.71 -7.29 -6.56
-7.22 -7.32 -6.96 -7.26 -6.89 -9.53 -7.14 -7.50 -6.92 -11.53 -5.86 -8.68 -6.96 -7.16 -7.63 -7.55 -9.85 -6.46 -7.43 -5.62 -6.65 -7.55 -7.14 -5.56 -6.48 -6.39 -10.10 -926.26 -7.21 -7.85 -9.82 -8.27 -8.82 -7.63 -8.55 -7.99 -7.52 -8.49 -10.47
-7.02 -7.32 -6.95 -7.26 -6.89 -9.52 -7.13 -7.49 -6.92 -11.53 -5.86 -8.67 -6.96 -7.16 -8.85 -7.34 -9.85 -6.46 -7.43 -6.57 -6.65 -7.94 -7.14 -5.45 -6.48 -6.39 -10.10 -933.64 -7.21 -7.85 -9.82 -8.27 -8.82 -7.63 -8.55 -7.99 -7.52 -8.49 -10.47
-9.10 -9.22 -7.99 -9.31 -7.12 -8.12 -7.63 -6.27 -7.45 -9.68 -9.70 -6.68 -8.76 -12.38 -7.27 -7.33 -8.41 -1384.80 -23.45 -23.76 -317.88 -119.64 -20.66 -26.33 -129.96 -21.21 -7.38 -6.26 -7.45 -8.84 -10.32 -7.88 -7.94 -14.44 -7.94 -8.23 -7.22 -7.99 -7.57
-7.02 -7.32 -6.96 -7.26 -6.89 -9.53 -7.61 -7.50 -6.92 -11.53 -6.52 -9.60 -6.96 -7.16 -8.85 -7.34 -9.85 -6.46 -7.43 -6.57 -6.65 -7.94 -7.14 -5.56 -6.48 -6.39 -10.10 -933.58 -7.21 -7.85 -9.82 -8.27 -8.82 -7.63 -8.55 -7.99 -7.52 -8.49 -10.47
-6.31 -7.31 -10.34 -7.18 -8.05 -9.72 -7.99 -9.03 -12.42 -7.87 -7.46 -9.39 -6.50 -5.88 -8.25 -8.21 -6.63 -7.49 -8.16 -6.76 -6.65 -7.55 -6.61 -6.71 -6.76 -6.39 -9.79 -995.75 -6.80 -9.29 -9.52 -8.53 -8.08 -7.44 -7.17 -9.41 -7.23 -7.75 -8.94
-10.35 -10.18 -10.34 -7.15 -8.05 -6.27 -7.00 -7.70 -9.09 -8.47 -9.58 -7.79 -9.26 -7.06 -6.29 -7.83 -6.48 -5.98 -7.72 -8.03 -8.05 -6.26 -6.62 -6.39 -6.55 -8.69 -8.35 -713.79 -7.84 -9.08 -7.80 -8.39 -9.63 -8.65 -11.02 -10.25 -9.34 -7.29 -8.94
