%MultiClassSVM
multiclass_type=0;
num_classes=10;
num_svms=10;
kernel='PolyKernel';

%SVM 0 of 9
numsv0=60;
b0=+1.1619579033736666e-04;
alphas0=[
	[+1.6234341724808504e-02,0];
	[-1.7236139433150174e-03,1];
	[-1.7576669399699235e-03,2];
	[-1.7705021780613527e-03,3];
	[-1.8591816712143871e-03,4];
	[-1.7159842714018973e-03,5];
	[-1.8613593847718686e-03,6];
	[-1.8578069118145766e-03,7];
	[-1.8587244366399908e-03,8];
	[-1.8889111443397696e-03,9];
	[-1.8591268412500531e-03,10];
	[-1.8976241405974600e-03,11];
	[-2.3412223091582697e-03,12];
	[-1.8622275525388488e-03,13];
	[-1.8987230274330824e-03,14];
	[-1.8368914078262376e-03,15];
	[-1.8088464739277779e-03,16];
	[-1.9343778946239447e-03,17];
	[-1.8550518974693440e-03,18];
	[-1.8492227924648483e-03,19];
	[-1.8347750579624238e-03,20];
	[-1.8349829097457381e-03,21];
	[-1.8833278058075294e-03,22];
	[-1.8761285727521646e-03,23];
	[-1.9102357101967921e-03,24];
	[-1.7235037687994234e-03,25];
	[-2.0226333217042624e-03,26];
	[-2.0291064474499123e-03,27];
	[-1.8604061743851463e-03,28];
	[-1.7739748335203220e-03,29];
	[-1.8167917448241526e-03,30];
	[-1.8741106275237413e-03,31];
	[-1.8235146123480861e-03,32];
	[-1.8553543470167647e-03,33];
	[-1.9126992957470500e-03,34];
	[-1.8120419811819494e-03,35];
	[-1.9130104236323824e-03,36];
	[-1.7908748386481516e-03,37];
	[-1.7627338431380007e-03,38];
	[-2.0088235914378074e-03,39];
	[-1.5366554572539930e-03,40];
	[-2.4493693345692129e-03,41];
	[-1.6897967243338348e-03,42];
	[-1.5900839318239812e-03,43];
	[-2.1435229835742847e-03,44];
	[-2.0822070182857275e-03,45];
	[-1.9451815560902752e-03,46];
	[-1.7071935085625810e-03,47];
	[-1.7488457676207907e-03,48];
	[-1.7767929494235219e-03,49];
	[-1.7684263251324826e-03,50];
	[-1.8432704636790601e-03,51];
	[-1.8371710150254716e-03,52];
	[-2.1733091524810382e-03,53];
	[-1.7996057792468542e-03,54];
	[+2.5009882540533615e-02,55];
	[+1.2035266516662641e-02,56];
	[+2.1776800911684178e-02,57];
	[+9.3441186137219086e-03,58];
	[+1.6563312576670066e-02,59];
];

%SVM 1 of 9
numsv1=60;
b1=-1.1832424167252135e-05;
alphas1=[
	[-1.8047313112104742e-03,0];
	[+1.5350509019917554e-02,1];
	[+1.5657428184439721e-02,2];
	[+1.5772658537248199e-02,3];
	[-1.8388191084980302e-03,4];
	[+1.5284738353345276e-02,5];
	[-1.8420348772981454e-03,6];
	[-1.8379372022682891e-03,7];
	[-1.8385101504974370e-03,8];
	[-1.8695442975537034e-03,9];
	[-1.8401017991037201e-03,10];
	[+1.6924919741210017e-02,11];
	[+2.0912350505319446e-02,12];
	[-1.8434030307142983e-03,13];
	[-1.8792981650518463e-03,14];
	[-1.8181075300555546e-03,15];
	[-1.7883116637096100e-03,16];
	[-1.9131964972365779e-03,17];
	[-1.8353134869376977e-03,18];
	[-1.8302026594307185e-03,19];
	[-1.8159575027971715e-03,20];
	[-1.8153504239174802e-03,21];
	[-1.8633698611703960e-03,22];
	[-1.8563056645812431e-03,23];
	[-1.8895599345818092e-03,24];
	[-1.7036718999540949e-03,25];
	[-2.0025398297847268e-03,26];
	[-2.0092074175853338e-03,27];
	[-1.8411926643792196e-03,28];
	[-1.7545410561362353e-03,29];
	[-1.7968694808344974e-03,30];
	[-1.8546008244353573e-03,31];
	[-1.8042180717702571e-03,32];
	[-1.8354425754962597e-03,33];
	[-1.8930869392830198e-03,34];
	[-1.7924012323786169e-03,35];
	[-1.8930427032349329e-03,36];
	[-1.7703257348322037e-03,37];
	[-1.7422712357045450e-03,38];
	[-1.9889371780359936e-03,39];
	[-1.5179010842086569e-03,40];
	[-2.4298215236452998e-03,41];
	[-1.6703980645161500e-03,42];
	[-1.5711311375160688e-03,43];
	[-2.1234450346341608e-03,44];
	[-2.0622194534181434e-03,45];
	[-1.9254576651754963e-03,46];
	[-1.6875286307554056e-03,47];
	[-1.7288734455661505e-03,48];
	[-1.7579584897546622e-03,49];
	[-1.7482518626811634e-03,50];
	[-1.8230936866685012e-03,51];
	[-1.8176141785312297e-03,52];
	[-2.1529577664372909e-03,53];
	[-1.7808092307730991e-03,54];
	[-2.7789035895109016e-03,55];
	[-1.3379855053680158e-03,56];
	[-2.4197612417778619e-03,57];
	[-1.0380151157176273e-03,58];
	[-1.8399060485320812e-03,59];
];

%SVM 2 of 9
numsv2=60;
b2=-2.1847657440628816e-05;
alphas2=[
	[-1.8019418541366057e-03,0];
	[-1.7018118617832876e-03,1];
	[-1.7358282551735219e-03,2];
	[-1.7489928114127486e-03,3];
	[-1.8372156990358699e-03,4];
	[-1.6946903667122322e-03,5];
	[-1.8405740331918776e-03,6];
	[-1.8362787388079621e-03,7];
	[-1.8371923774816324e-03,8];
	[-1.8680941125544274e-03,9];
	[-1.8381698309996163e-03,10];
	[-1.8771929663031568e-03,11];
	[-2.3201297134798713e-03,12];
	[+1.6608058592097796e-02,13];
	[+1.6933507933447289e-02,14];
	[+1.6381840868320514e-02,15];
	[+1.6115906424128586e-02,16];
	[+1.7241198877453182e-02,17];
	[+1.6537817127300739e-02,18];
	[-1.8281095966040562e-03,19];
	[-1.8138853149958583e-03,20];
	[-1.8138868980007771e-03,21];
	[-1.8625063572515592e-03,22];
	[-1.8543921616941746e-03,23];
	[-1.8883514423279843e-03,24];
	[-1.7028195441878759e-03,25];
	[-2.0006700815053649e-03,26];
	[-2.0072741134718442e-03,27];
	[-1.8396421090236944e-03,28];
	[-1.7528318052019614e-03,29];
	[-1.7958702496981621e-03,30];
	[-1.8528716510350020e-03,31];
	[-1.8021085601823853e-03,32];
	[-1.8348584876341392e-03,33];
	[-1.8911934219919954e-03,34];
	[-1.7909155909399739e-03,35];
	[-1.8914497248716173e-03,36];
	[-1.7693186639092405e-03,37];
	[-1.7408700201816413e-03,38];
	[-1.9876861590913458e-03,39];
	[-1.5157689929143118e-03,40];
	[-2.4272624186610519e-03,41];
	[-1.6691827617111264e-03,42];
	[-1.5692560165184975e-03,43];
	[-2.1219613361933200e-03,44];
	[-2.0606664388036250e-03,45];
	[-1.9237478597674839e-03,46];
	[-1.6859109436157648e-03,47];
	[-1.7275726362804185e-03,48];
	[-1.7562774172118988e-03,49];
	[-1.7471782886927531e-03,50];
	[-1.8213545278344748e-03,51];
	[-1.8158667994016889e-03,52];
	[-2.1519119544791089e-03,53];
	[-1.7787265221409871e-03,54];
	[-2.7776724731544411e-03,55];
	[-1.3356609025711918e-03,56];
	[-2.4183694978424752e-03,57];
	[-1.0363867300406393e-03,58];
	[-1.8398183874800474e-03,59];
];

%SVM 3 of 9
numsv3=60;
b3=-2.8901684945344380e-05;
alphas3=[
	[-1.8008823396994612e-03,0];
	[-1.7009382906043897e-03,1];
	[-1.7348563499976584e-03,2];
	[-1.7480236818283833e-03,3];
	[-1.8365090109177676e-03,4];
	[-1.6938806437606932e-03,5];
	[-1.8391273191249776e-03,6];
	[-1.8352834989013923e-03,7];
	[-1.8360346586391932e-03,8];
	[-1.8666393345039695e-03,9];
	[-1.8372957909405770e-03,10];
	[-1.8757753434690289e-03,11];
	[-2.3187888255937301e-03,12];
	[-1.8408978666209557e-03,13];
	[-1.8764239217107818e-03,14];
	[-1.8148961577481159e-03,15];
	[-1.7856526401150499e-03,16];
	[-1.9111595743722340e-03,17];
	[-1.8329922869341618e-03,18];
	[+1.6489165775768384e-02,19];
	[+1.6361157320264837e-02,20];
	[+1.6359315755099701e-02,21];
	[+1.6795000974681222e-02,22];
	[+1.6724477155882458e-02,23];
	[+1.7030556733360607e-02,24];
	[-1.7009053322506931e-03,25];
	[-1.9993476217126864e-03,26];
	[-2.0059957905600397e-03,27];
	[-1.8384398646005969e-03,28];
	[-1.7524105385293028e-03,29];
	[-1.7949371395750101e-03,30];
	[-1.8520528052063216e-03,31];
	[-1.8013156708994197e-03,32];
	[-1.8325895642704176e-03,33];
	[-1.8905181848523364e-03,34];
	[-1.7898748596000150e-03,35];
	[-1.8905091182213579e-03,36];
	[-1.7682151871663604e-03,37];
	[-1.7400781872012618e-03,38];
	[-1.9864584900681562e-03,39];
	[-1.5141022604620985e-03,40];
	[-2.4261780496609027e-03,41];
	[-1.6687654551403382e-03,42];
	[-1.5677751610789555e-03,43];
	[-2.1203176895532982e-03,44];
	[-2.0591162827873870e-03,45];
	[-1.9226616250188336e-03,46];
	[-1.6853608869245580e-03,47];
	[-1.7274306343713589e-03,48];
	[-1.7548732095059559e-03,49];
	[-1.7464308654236806e-03,50];
	[-1.8209399007470956e-03,51];
	[-1.8141801289737239e-03,52];
	[-2.1506744543229529e-03,53];
	[-1.7777643140889175e-03,54];
	[-2.7756868188685870e-03,55];
	[-1.3348482393944327e-03,56];
	[-2.4168301411650940e-03,57];
	[-1.0364879732154379e-03,58];
	[-1.8384454191024751e-03,59];
];

%SVM 4 of 9
numsv4=60;
b4=+7.4216846545625045e-06;
alphas4=[
	[-1.8069632588849009e-03,0];
	[-1.7070610315064736e-03,1];
	[-1.7404572030851582e-03,2];
	[-1.7531306010984014e-03,3];
	[-1.8421423584685781e-03,4];
	[-1.6995180677188246e-03,5];
	[-1.8447245923176928e-03,6];
	[-1.8409285063598685e-03,7];
	[-1.8418338408221779e-03,8];
	[-1.8725554992847931e-03,9];
	[-1.8425434255623645e-03,10];
	[-1.8820252248134891e-03,11];
	[-2.3239530380537053e-03,12];
	[-1.8457295336513602e-03,13];
	[-1.8830736515311297e-03,14];
	[-1.8211328731599695e-03,15];
	[-1.7913983985434346e-03,16];
	[-1.9161713450871554e-03,17];
	[-1.8382653436465192e-03,18];
	[-1.8333783100191775e-03,19];
	[-1.8176335672491170e-03,20];
	[-1.8194031671065613e-03,21];
	[-1.8664528785694472e-03,22];
	[-1.8594738635879034e-03,23];
	[-1.8921247141351770e-03,24];
	[+1.5349440268252586e-02,25];
	[+1.8037857283367792e-02,26];
	[+1.8097492780897236e-02,27];
	[+1.6583435270044515e-02,28];
	[+1.5805136931944339e-02,29];
	[+1.6189704312194925e-02,30];
	[-1.8575858083229025e-03,31];
	[-1.8064265900404792e-03,32];
	[-1.8392190596109917e-03,33];
	[-1.8959520229126063e-03,34];
	[-1.7947750803171923e-03,35];
	[-1.8965473621171606e-03,36];
	[-1.7730846382438027e-03,37];
	[-1.7458468886306572e-03,38];
	[-1.9925719592201029e-03,39];
	[-1.5203644591985958e-03,40];
	[-2.4321342197099450e-03,41];
	[-1.6734689269692817e-03,42];
	[-1.5733757963096401e-03,43];
	[-2.1264532689023946e-03,44];
	[-2.0652484459819870e-03,45];
	[-1.9288789634248180e-03,46];
	[-1.6906774764736379e-03,47];
	[-1.7320658038449171e-03,48];
	[-1.7603687350012638e-03,49];
	[-1.7518152582989437e-03,50];
	[-1.8266773966444251e-03,51];
	[-1.8204125681776247e-03,52];
	[-2.1557409019701494e-03,53];
	[-1.7834811814371816e-03,54];
	[-2.7824619019728818e-03,55];
	[-1.3405543539069520e-03,56];
	[-2.4229363607764882e-03,57];
	[-1.0413375700526475e-03,58];
	[-1.8431078693137756e-03,59];
];

%SVM 5 of 9
numsv5=60;
b5=-2.6734621166761303e-05;
alphas5=[
	[-1.8015599410719195e-03,0];
	[-1.7012330928914388e-03,1];
	[-1.7359427620672117e-03,2];
	[-1.7478361558476744e-03,3];
	[-1.8367176538393274e-03,4];
	[-1.6935333169485448e-03,5];
	[-1.8394898343681643e-03,6];
	[-1.8354901625335734e-03,7];
	[-1.8363093581998122e-03,8];
	[-1.8671065664398040e-03,9];
	[-1.8376717273260819e-03,10];
	[-1.8768589958036083e-03,11];
	[-2.3189778911752697e-03,12];
	[-1.8412498266904224e-03,13];
	[-1.8771646978549296e-03,14];
	[-1.8163470478237227e-03,15];
	[-1.7856456085104417e-03,16];
	[-1.9108504457225090e-03,17];
	[-1.8326173560764914e-03,18];
	[-1.8275541971318609e-03,19];
	[-1.8133259950808922e-03,20];
	[-1.8128770794784885e-03,21];
	[-1.8618226283567605e-03,22];
	[-1.8532574599606194e-03,23];
	[-1.8877910939751406e-03,24];
	[-1.7017038599860682e-03,25];
	[-1.9999995960467373e-03,26];
	[-2.0065557727383613e-03,27];
	[-1.8385281456644921e-03,28];
	[-1.7522049493833964e-03,29];
	[-1.7949327649921566e-03,30];
	[+1.6709956796799985e-02,31];
	[+1.6256064178173261e-02,32];
	[+1.6541160616939988e-02,33];
	[+1.7058456879433997e-02,34];
	[+1.6152581696094820e-02,35];
	[+1.7058890770843504e-02,36];
	[-1.7692765564617948e-03,37];
	[-1.7407176124754190e-03,38];
	[-1.9861086376580382e-03,39];
	[-1.5145731313741919e-03,40];
	[-2.4260438301216430e-03,41];
	[-1.6689441932170013e-03,42];
	[-1.5685965586919068e-03,43];
	[-2.1209734683674260e-03,44];
	[-2.0597184738405379e-03,45];
	[-1.9234668402046406e-03,46];
	[-1.6851630441754152e-03,47];
	[-1.7268013350103513e-03,48];
	[-1.7547201703818408e-03,49];
	[-1.7467575634480461e-03,50];
	[-1.8215963816836671e-03,51];
	[-1.8152922749712992e-03,52];
	[-2.1506242565693719e-03,53];
	[-1.7777098061669107e-03,54];
	[-2.7762041549720924e-03,55];
	[-1.3348462918407900e-03,56];
	[-2.4182539196217429e-03,57];
	[-1.0356626289183114e-03,58];
	[-1.8386384452939426e-03,59];
];

%SVM 6 of 9
numsv6=60;
b6=+1.8774458026822897e-05;
alphas6=[
	[-1.8086387075332926e-03,0];
	[-1.7078623843466722e-03,1];
	[-1.7425432867656206e-03,2];
	[-1.7556673123368702e-03,3];
	[-1.8440711488098421e-03,4];
	[-1.7003087924227821e-03,5];
	[-1.8469417894708931e-03,6];
	[-1.8428455081103696e-03,7];
	[-1.8428385989160518e-03,8];
	[-1.8737220927293621e-03,9];
	[-1.8450227892043512e-03,10];
	[-1.8830195854624588e-03,11];
	[-2.3270641476522353e-03,12];
	[-1.8474414749832177e-03,13];
	[-1.8830921691136929e-03,14];
	[-1.8231383656957562e-03,15];
	[-1.7933748127932098e-03,16];
	[-1.9186055130160939e-03,17];
	[-1.8407251947106320e-03,18];
	[-1.8349928828626596e-03,19];
	[-1.8204634820073772e-03,20];
	[-1.8195234245597534e-03,21];
	[-1.8693511920995771e-03,22];
	[-1.8596099836668582e-03,23];
	[-1.8949519339738399e-03,24];
	[-1.7087125895144893e-03,25];
	[-2.0072052404218987e-03,26];
	[-2.0142399612783231e-03,27];
	[-1.8451754560574306e-03,28];
	[-1.7589918656267145e-03,29];
	[-1.8017634190982178e-03,30];
	[-1.8586437875287467e-03,31];
	[-1.8098326558668128e-03,32];
	[-1.8393702621307573e-03,33];
	[-1.8986889444189950e-03,34];
	[-1.7970203553808587e-03,35];
	[-1.8975824758158412e-03,36];
	[+1.5950236693919994e-02,37];
	[+1.5698708988474204e-02,38];
	[+1.7915190779088770e-02,39];
	[+1.3667732136481703e-02,40];
	[+2.1874459965094128e-02,41];
	[+1.5050620901827428e-02,42];
	[-1.5747888017572454e-03,43];
	[-2.1285175929550587e-03,44];
	[-2.0673900350979260e-03,45];
	[-1.9309272604274576e-03,46];
	[-1.6916567407057822e-03,47];
	[-1.7341423280267576e-03,48];
	[-1.7618034502758565e-03,49];
	[-1.7534030847276602e-03,50];
	[-1.8281811584695033e-03,51];
	[-1.8223832638444466e-03,52];
	[-2.1578368416704271e-03,53];
	[-1.7849606388462267e-03,54];
	[-2.7835978488300111e-03,55];
	[-1.3415177165843159e-03,56];
	[-2.4243166877803393e-03,57];
	[-1.0437837203027230e-03,58];
	[-1.8459242501751025e-03,59];
];

%SVM 7 of 9
numsv7=60;
b7=-1.3590251205066253e-06;
alphas7=[
	[-1.8058087719063844e-03,0];
	[-1.7061455955227473e-03,1];
	[-1.7389780534608022e-03,2];
	[-1.7516039874406247e-03,3];
	[-1.8402135399747941e-03,4];
	[-1.6982210720105383e-03,5];
	[-1.8438809894756468e-03,6];
	[-1.8394462243430710e-03,7];
	[-1.8398451772197878e-03,8];
	[-1.8710698721174871e-03,9];
	[-1.8419623321793471e-03,10];
	[-1.8799098799513571e-03,11];
	[-2.3228155654476126e-03,12];
	[-1.8455558330484061e-03,13];
	[-1.8805638428871327e-03,14];
	[-1.8190510629897932e-03,15];
	[-1.7899255402896339e-03,16];
	[-1.9151640989296616e-03,17];
	[-1.8369052627248714e-03,18];
	[-1.8314045728867339e-03,19];
	[-1.8171852094209136e-03,20];
	[-1.8171778472219073e-03,21];
	[-1.8652205403986062e-03,22];
	[-1.8575818260875207e-03,23];
	[-1.8914632252925361e-03,24];
	[-1.7049110212968446e-03,25];
	[-2.0045537511044357e-03,26];
	[-2.0111026516076908e-03,27];
	[-1.8424521004242855e-03,28];
	[-1.7562580409091332e-03,29];
	[-1.7984435675518393e-03,30];
	[-1.8555175083921293e-03,31];
	[-1.8049541444616931e-03,32];
	[-1.8374104689400283e-03,33];
	[-1.8950422250613738e-03,34];
	[-1.7944863814622898e-03,35];
	[-1.8950177766233307e-03,36];
	[-1.7721410983926739e-03,37];
	[-1.7442111736774761e-03,38];
	[-1.9911865795608813e-03,39];
	[-1.5186389366812355e-03,40];
	[-2.4304541672707570e-03,41];
	[-1.6723150691511973e-03,42];
	[+1.4151498568518427e-02,43];
	[+1.9126693160968013e-02,44];
	[+1.8575142934492007e-02,45];
	[+1.7347109274192803e-02,46];
	[+1.5206398001872391e-02,47];
	[+1.5580981719320189e-02,48];
	[-1.7593086204786062e-03,49];
	[-1.7502563092442066e-03,50];
	[-1.8251108933404802e-03,51];
	[-1.8187931072701858e-03,52];
	[-2.1541803864824211e-03,53];
	[-1.7824073317267686e-03,54];
	[-2.7809992302700553e-03,55];
	[-1.3389244667664070e-03,56];
	[-2.4213875067525888e-03,57];
	[-1.0396748406656746e-03,58];
	[-1.8419434056897643e-03,59];
];

%SVM 8 of 9
numsv8=60;
b8=-1.9232341483299640e-05;
alphas8=[
	[-1.8030157584294224e-03,0];
	[-1.7022128774711529e-03,1];
	[-1.7362366127778642e-03,2];
	[-1.7493883045868752e-03,3];
	[-1.8382409331420292e-03,4];
	[-1.6950933833260260e-03,5];
	[-1.8414381929117002e-03,6];
	[-1.8364325653489138e-03,7];
	[-1.8373502705469975e-03,8];
	[-1.8675094302571676e-03,9];
	[-1.8391950029564049e-03,10];
	[-1.8778214853454108e-03,11];
	[-2.3205185184943288e-03,12];
	[-1.8412999429800469e-03,13];
	[-1.8790086959676708e-03,14];
	[-1.8173263049124522e-03,15];
	[-1.7875687483271843e-03,16];
	[-1.9118067404409367e-03,17];
	[-1.8339329575750125e-03,18];
	[-1.8281880678074980e-03,19];
	[-1.8150402935481506e-03,20];
	[-1.8139657672956286e-03,21];
	[-1.8625677315424190e-03,22];
	[-1.8544524309524997e-03,23];
	[-1.8895308342896670e-03,24];
	[-1.7028935160345192e-03,25];
	[-2.0011801534976117e-03,26];
	[-2.0083491349306478e-03,27];
	[-1.8395836190372554e-03,28];
	[-1.7529993112351718e-03,29];
	[-1.7959831177598508e-03,30];
	[-1.8535398305772654e-03,31];
	[-1.8028807928919593e-03,32];
	[-1.8342078045657400e-03,33];
	[-1.8918826119585371e-03,34];
	[-1.7912473236790748e-03,35];
	[-1.8920509866427663e-03,36];
	[-1.7699436943185308e-03,37];
	[-1.7418387351211561e-03,38];
	[-1.9873985123600832e-03,39];
	[-1.5158183596515561e-03,40];
	[-2.4281353135288757e-03,41];
	[-1.6694863809878207e-03,42];
	[-1.5690592122464288e-03,43];
	[-2.1215846713960123e-03,44];
	[-2.0606336537059406e-03,45];
	[-1.9242029739054455e-03,46];
	[-1.6873500686518570e-03,47];
	[-1.7291623118908586e-03,48];
	[+1.5835521909221929e-02,49];
	[+1.5758318470949412e-02,50];
	[+1.6430875377336618e-02,51];
	[+1.6375772783731410e-02,52];
	[+1.9397409238593771e-02,53];
	[+1.6042808333977660e-02,54];
	[-2.7780698515375451e-03,55];
	[-1.3363202836489394e-03,56];
	[-2.4187385579660485e-03,57];
	[-1.0372486438690821e-03,58];
	[-1.8390071764640560e-03,59];
];

%SVM 9 of 9
numsv9=60;
b9=-3.2484178694899097e-05;
alphas9=[
	[-1.8007997819360425e-03,0];
	[-1.6996299424763765e-03,1];
	[-1.7349187211419615e-03,2];
	[-1.7475135046352650e-03,3];
	[+1.6573111123900627e-02,4];
	[-1.6935084390437400e-03,5];
	[+1.6599571012930966e-02,6];
	[+1.6562449318488017e-02,7];
	[+1.6568638868963079e-02,8];
	[+1.6845152349780484e-02,9];
	[+1.6581089539522517e-02,10];
	[-1.8746921194640474e-03,11];
	[-2.3188804962644290e-03,12];
	[-1.8402535308702389e-03,13];
	[-1.8761597618970236e-03,14];
	[-1.8149501181089131e-03,15];
	[-1.7851825379122436e-03,16];
	[-1.9098667680240704e-03,17];
	[-1.8320133412260092e-03,18];
	[-1.8261126965608268e-03,19];
	[-1.8128908972029300e-03,20];
	[-1.8121482377733663e-03,21];
	[-1.8603819794849276e-03,22];
	[-1.8532751925994745e-03,23];
	[-1.8865478445876627e-03,24];
	[-1.7003187362285800e-03,25];
	[-1.9997276875900697e-03,26];
	[-2.0056614912750828e-03,27];
	[-1.8380151364723934e-03,28];
	[-1.7509245314021005e-03,29];
	[-1.7941128278610395e-03,30];
	[-1.8510339537785199e-03,31];
	[-1.8008130797121701e-03,32];
	[-1.8327080472748910e-03,33];
	[-1.8893932332080833e-03,34];
	[-1.7898188911548512e-03,35];
	[-1.8896801996841127e-03,36];
	[-1.7670562819472370e-03,37];
	[-1.7401412923440454e-03,38];
	[-1.9860196716563624e-03,39];
	[-1.5139094547370648e-03,40];
	[-2.4250611079264395e-03,41];
	[-1.6682633258006758e-03,42];
	[-1.5674319525757034e-03,43];
	[-2.1199171153920590e-03,44];
	[-2.0579431325707304e-03,45];
	[-1.9225845301783532e-03,46];
	[-1.6855567020073881e-03,47];
	[-1.7260874567085877e-03,48];
	[-1.7534188671883256e-03,49];
	[-1.7457989133004732e-03,50];
	[-1.8206509682694115e-03,51];
	[-1.8140594475357407e-03,52];
	[-2.1501735241810094e-03,53];
	[-1.7773435295507125e-03,54];
	[-2.7762866714170996e-03,55];
	[-1.3346087565815955e-03,56];
	[-2.4162069980015414e-03,57];
	[-1.0355213909397669e-03,58];
	[-1.8365215746188235e-03,59];
];
