-0.306511111111111 2400
A_HA_H1 -0.731866666666667 -0.61852482962963 -0.553339111111111 -0.532774222222222 -0.520746518518518 -0.511163259259259 -0.5036 -0.495371259259259 -0.487466666666667 -0.480266666666667 -0.473422222222222 -0.466508148148148 -0.428488888888889 -0.388444444444444 -0.317644444444444 -0.275420740740741 -0.236526666666667 -0.200577777777778 -0.178755555555556 -0.164844444444444 -0.1428 -0.123022222222222 -0.0856 -0.0760888888888889
A_HA_H10 -0.657511111111111 -0.588518503703704 -0.52380637037037 -0.503525333333333 -0.489955555555556 -0.482711111111111 -0.474651111111111 -0.466533333333333 -0.456828592592593 -0.446145777777778 -0.435983851851852 -0.426488888888889 -0.375627407407407 -0.325608888888889 -0.270692592592593 -0.234533333333333 -0.210488888888889 -0.1956 -0.185466666666667 -0.180533333333333 -0.174 -0.164088888888889 -0.145111111111111 -0.137155555555556
A_HA_H11 -0.630266666666667 -0.498354355555556 -0.430576888888889 -0.408340444444444 -0.392355555555556 -0.380029037037037 -0.369377777777778 -0.361822222222222 -0.354561925925926 -0.348533333333333 -0.342355555555556 -0.3368 -0.310533333333333 -0.293288888888889 -0.278914814814815 -0.266888888888889 -0.258177777777778 -0.250557037037037 -0.243644444444444 -0.237911111111111 -0.2256 -0.213777777777778 -0.194044444444444 -0.186533333333333
A_HA_H12 -0.520755555555556 -0.473036518518519 -0.4392 -0.426222222222222 -0.416518074074074 -0.408842666666667 -0.402355555555556 -0.397333333333333 -0.39180637037037 -0.387288888888889 -0.383422222222222 -0.379761481481481 -0.361360740740741 -0.345244444444444 -0.328203703703704 -0.312844444444444 -0.300133333333333 -0.289688888888889 -0.280577777777778 -0.273333333333333 -0.260177777777778 -0.248488888888889 -0.2272 -0.217244444444444
A_HA_H13 -0.781777777777778 -0.706207392592593 -0.621657185185185 -0.579791111111111 -0.558222222222222 -0.535420444444444 -0.514662222222222 -0.495790814814815 -0.477876296296296 -0.458933333333333 -0.442739407407407 -0.427434074074074 -0.37864962962963 -0.361822222222222 -0.347688888888889 -0.336577777777778 -0.329511111111111 -0.32309037037037 -0.315733333333333 -0.308911111111111 -0.295866666666667 -0.283733333333333 -0.259288888888889 -0.245911111111111
A_HA_H14 -0.739111111111111 -0.719436874074074 -0.684858962962963 -0.670607111111111 -0.659330666666667 -0.648340148148148 -0.637866666666667 -0.626977777777778 -0.611790518518518 -0.596190222222222 -0.585139407407407 -0.576872592592592 -0.554044444444444 -0.538088888888889 -0.520933333333333 -0.502647407407407 -0.483511111111111 -0.461979259259259 -0.435555555555556 -0.411288888888889 -0.364 -0.323688888888889 -0.267911111111111 -0.253066666666667
A_HA_H15 -0.673911111111111 -0.637584859259259 -0.564324296296296 -0.531866666666667 -0.510725037037037 -0.491271703703704 -0.477153333333333 -0.464 -0.450812740740741 -0.439552 -0.430117185185185 -0.420622222222222 -0.392266666666667 -0.367688888888889 -0.347244444444444 -0.327911111111111 -0.313377777777778 -0.2956 -0.274956296296296 -0.260822222222222 -0.242954074074074 -0.230266666666667 -0.206844444444444 -0.196622222222222
A_HA_H16 -0.731644444444445 -0.678607214814815 -0.604221777777778 -0.544755555555556 -0.482311111111111 -0.438203259259259 -0.415362222222222 -0.400473185185185 -0.390917481481481 -0.384133333333333 -0.377688888888889 -0.372622222222222 -0.3568 -0.346977777777778 -0.338311111111111 -0.32926962962963 -0.321333333333333 -0.314711111111111 -0.3084 -0.302844444444444 -0.291466666666667 -0.279244444444444 -0.255288888888889 -0.2428
A_HA_H2 -0.748088888888889 -0.732177733333333 -0.712666666666667 -0.703688888888889 -0.696577777777778 -0.691955555555556 -0.687466666666667 -0.683466666666667 -0.679911111111111 -0.676784 -0.6736 -0.670133333333333 -0.655066666666667 -0.639422222222222 -0.614559259259259 -0.576355555555556 -0.552488888888889 -0.535511111111111 -0.520888888888889 -0.508355555555556 -0.483555555555556 -0.461619259259259 -0.419111111111111 -0.400177777777778
A_HA_H3 -0.719688888888889 -0.607201422222222 -0.567394962962963 -0.547454222222222 -0.53287762962963 -0.519693037037037 -0.506044444444444 -0.491858962962963 -0.474177777777778 -0.453244444444444 -0.430298666666667 -0.395774814814815 -0.278275555555555 -0.182 -0.176444444444444 -0.170331851851852 -0.164933333333333 -0.156133333333333 -0.145733333333333 -0.1348 -0.117688888888889 -0.101955555555556 -0.0830666666666667 -0.0771111111111111
A_HA_H4 -0.789422222222222 -0.714177555555556 -0.630532 -0.599984888888889 -0.58205837037037 -0.570251259259259 -0.562146666666667 -0.555762074074074 -0.548784148148148 -0.543272888888889 -0.537822222222222 -0.532234074074074 -0.507805185185185 -0.480897777777778 -0.450177777777778 -0.422844444444444 -0.397955555555556 -0.371445925925926 -0.344755555555556 -0.310311111111111 -0.209911111111111 -0.170844444444444 -0.142371851851852 -0.133733333333333
A_HA_H5 -0.631377777777778 -0.570836562962963 -0.495973037037037 -0.432682666666667 -0.383993185185185 -0.359403259259259 -0.342088888888889 -0.330844444444444 -0.321288888888889 -0.312933333333333 -0.304488888888889 -0.296705185185185 -0.272711111111111 -0.255422222222222 -0.237333333333333 -0.220133333333333 -0.204755555555556 -0.185733333333333 -0.167422222222222 -0.152311111111111 -0.1264 -0.113244444444444 -0.0774222222222222 -0.0693777777777778
A_HA_H6 -0.641644444444444 -0.607258696296296 -0.575273925925926 -0.565229333333333 -0.557244444444444 -0.550384592592593 -0.544 -0.538755555555556 -0.533361925925926 -0.528088888888889 -0.524311111111111 -0.520311111111111 -0.504427407407407 -0.489377777777778 -0.478355555555556 -0.468914074074074 -0.459822222222222 -0.4488 -0.437511111111111 -0.426111111111111 -0.402465185185185 -0.378933333333333 -0.323288888888889 -0.286844444444444
A_HA_H7 -0.826444444444444 -0.671806637037037 -0.604843555555556 -0.578844444444444 -0.562236148148148 -0.548740148148148 -0.538664444444444 -0.530044444444444 -0.521866666666667 -0.515228444444444 -0.507094962962963 -0.500444444444444 -0.4648 -0.44096 -0.423644444444444 -0.403536296296296 -0.371466666666667 -0.3368 -0.301955555555556 -0.272911111111111 -0.245066666666667 -0.225022222222222 -0.197955555555556 -0.187733333333333
A_HA_H8 -0.461466666666667 -0.426429614814815 -0.390785037037037 -0.376503111111111 -0.36500562962963 -0.355420444444444 -0.348651111111111 -0.342577777777778 -0.336888888888889 -0.332561777777778 -0.32976162962963 -0.326533333333333 -0.313066666666667 -0.302355555555556 -0.2924 -0.282311111111111 -0.272844444444444 -0.261822222222222 -0.252044444444444 -0.242133333333333 -0.222711111111111 -0.207644444444444 -0.184088888888889 -0.174311111111111
A_HA_H9 -0.491555555555556 -0.430429525925926 -0.355791851851852 -0.311392 -0.279732 -0.265022222222222 -0.262177777777778 -0.256577777777778 -0.253288888888889 -0.2508 -0.248517185185185 -0.245317037037037 -0.216133333333333 -0.190248888888889 -0.179777777777778 -0.170933333333333 -0.167422222222222 -0.1612 -0.154088888888889 -0.147866666666667 -0.136977777777778 -0.128755555555556 -0.113244444444444 -0.107111111111111
A_MP -0.147 -0.1007992 -0.0442 -0.0319697777777778 -0.0265777777777778 -0.0252 -0.0224 -0.0203555555555556 -0.0187555555555556 -0.0179555555555556 -0.0171555555555556 -0.0167555555555556 -0.0145333333333333 -0.0138666666666667 -0.0126666666666667 -0.0117777777777778 -0.011 -0.0100888888888889 -0.0096 -0.0092 -0.0084 -0.00742222222222222 -0.00604444444444445 -0.00564444444444444
A_NA_N1 -0.544488888888889 -0.451110666666667 -0.373185037037037 -0.323140444444444 -0.271866666666667 -0.224485333333333 -0.175835555555556 -0.136101925925926 -0.125466666666667 -0.121155555555556 -0.1208 -0.118622222222222 -0.101111111111111 -0.0880266666666667 -0.078425925925926 -0.068 -0.0605333333333333 -0.053 -0.0483111111111111 -0.0442222222222222 -0.0358 -0.0314222222222222 -0.0252 -0.0209333333333333
A_NA_N2 -0.165377777777778 -0.137627259259259 -0.122112592592593 -0.115244444444444 -0.110355555555556 -0.106005925925926 -0.102177777777778 -0.0978666666666667 -0.096 -0.0928444444444445 -0.0912888888888889 -0.0910222222222222 -0.0826222222222222 -0.0740888888888889 -0.0666 -0.0620444444444445 -0.0579111111111111 -0.0543111111111111 -0.0512444444444444 -0.0471555555555556 -0.0416444444444444 -0.0382222222222222 -0.025 -0.0204444444444444
A_NA_N3 -0.2036 -0.179185081481482 -0.165688888888889 -0.158222222222222 -0.154933333333333 -0.150844444444444 -0.147155555555556 -0.145406518518519 -0.142977777777778 -0.140828444444444 -0.138694962962963 -0.136622222222222 -0.1328 -0.127733333333333 -0.122755555555556 -0.120666666666667 -0.119911111111111 -0.117866666666667 -0.115422222222222 -0.113022222222222 -0.109644444444444 -0.104285925925926 -0.0958666666666667 -0.0919111111111111
A_NA_N4 -0.637955555555556 -0.542222222222222 -0.514740592592593 -0.507022222222222 -0.501184740740741 -0.496695703703704 -0.49274 -0.490162074074074 -0.487155555555556 -0.484 -0.481066666666667 -0.47785037037037 -0.459733333333333 -0.438311111111111 -0.420133333333333 -0.404266666666667 -0.388044444444444 -0.370177777777778 -0.355288888888889 -0.342444444444444 -0.317911111111111 -0.300933333333333 -0.272355555555556 -0.260622222222222
A_NA_N5 -0.5728 -0.5516 -0.515822222222222 -0.495866666666667 -0.482769481481481 -0.467777777777778 -0.453462222222222 -0.433228740740741 -0.414133333333333 -0.404117333333333 -0.397789925925926 -0.392561481481481 -0.373244444444444 -0.360177777777778 -0.348114814814815 -0.334044444444444 -0.318913333333333 -0.304088888888889 -0.291845185185185 -0.276444444444444 -0.2392 -0.193219259259259 -0.141422222222222 -0.125288888888889
A_NA_N6 -0.615422222222222 -0.545525807407407 -0.447140592592593 -0.398398222222222 -0.37259037037037 -0.354355555555556 -0.332677777777778 -0.311090074074074 -0.292828592592593 -0.274606222222222 -0.255806074074074 -0.244391111111111 -0.206488888888889 -0.188533333333333 -0.1796 -0.170933333333333 -0.163866666666667 -0.155244444444444 -0.146222222222222 -0.141733333333333 -0.133022222222222 -0.124419259259259 -0.107911111111111 -0.102311111111111
A_NA_N7 -0.368222222222222 -0.328029614814815 -0.270888 -0.242947555555556 -0.229362518518519 -0.221777777777778 -0.214902222222222 -0.207955555555556 -0.202311111111111 -0.198072888888889 -0.196 -0.193377777777778 -0.182 -0.175982222222222 -0.168222222222222 -0.166 -0.159955555555556 -0.15269037037037 -0.146311111111111 -0.137022222222222 -0.120622222222222 -0.111752592592593 -0.1028 -0.0985777777777778
A_NA_N8 -0.550622222222222 -0.509244444444444 -0.489111111111111 -0.483777777777778 -0.475822222222222 -0.468444444444444 -0.462295555555556 -0.456355555555556 -0.451066666666667 -0.445822222222222 -0.438444444444444 -0.433244444444445 -0.39504962962963 -0.367466666666667 -0.337288888888889 -0.303491851851852 -0.266133333333333 -0.231466666666667 -0.190422962962963 -0.154777777777778 -0.123288888888889 -0.102444444444444 -0.078 -0.0723555555555556
A_NA_N9 -0.521422222222222 -0.491259096296296 -0.393821333333333 -0.322161777777778 -0.284606962962963 -0.263984592592593 -0.243006666666667 -0.227955555555556 -0.213333333333333 -0.201733333333333 -0.188088888888889 -0.173773333333333 -0.140222222222222 -0.124177777777778 -0.110177777777778 -0.101377777777778 -0.0961777777777778 -0.0914222222222222 -0.0874222222222222 -0.0836 -0.0785333333333333 -0.0744888888888889 -0.0695111111111111 -0.0687555555555556
A_NP -0.16 -0.108864933333333 -0.0633777777777778 -0.0557773333333333 -0.0472888888888889 -0.0422 -0.0372888888888889 -0.0316 -0.0286 -0.027 -0.0265777777777778 -0.0260888888888889 -0.0214222222222222 -0.0206666666666667 -0.0187111111111111 -0.0156 -0.0131555555555556 -0.0120888888888889 -0.0116 -0.0112888888888889 -0.0108 -0.0103555555555556 -0.00928888888888889 -0.00871111111111111
A_NS -0.181 -0.0876 -0.0472 -0.0356 -0.0292 -0.0255111111111111 -0.0248888888888889 -0.024 -0.0224 -0.0206 -0.0198 -0.0186 -0.0145777777777778 -0.013 -0.012 -0.0112 -0.0105777777777778 -0.0101777777777778 -0.00982222222222222 -0.0094 -0.0088 -0.00831111111111111 -0.00742222222222222 -0.00715555555555556
A_PA -0.1538 -0.1101998 -0.0575111111111111 -0.0464888888888889 -0.0374 -0.0308 -0.027 -0.0244 -0.0224444444444444 -0.0214951111111111 -0.0206 -0.0193333333333333 -0.0165333333333333 -0.0152444444444444 -0.0138 -0.0122222222222222 -0.0114 -0.0106 -0.0101777777777778 -0.00973333333333333 -0.00906666666666667 -0.00835555555555556 -0.0076 -0.00733333333333333
A_PB1 -0.481866666666667 -0.469436918518519 -0.348012740740741 -0.30548 -0.276177777777778 -0.243669925925926 -0.216028888888889 -0.201450962962963 -0.189434962962963 -0.176428444444444 -0.159850518518519 -0.155777777777778 -0.0964414814814814 -0.0484 -0.035537037037037 -0.0261711111111111 -0.021 -0.018 -0.0158 -0.0146666666666667 -0.0134666666666667 -0.0124444444444444 -0.0106 -0.0102666666666667
A_PB2 -0.1366 -0.0929925851851852 -0.0679111111111111 -0.0512 -0.0414 -0.0364888888888889 -0.0338 -0.0298222222222222 -0.0262 -0.0242 -0.0227111111111111 -0.0213777777777778 -0.0184 -0.0176 -0.015 -0.0137333333333333 -0.0124 -0.0114 -0.0105777777777778 -0.00995555555555556 -0.0086 -0.00768888888888889 -0.00684444444444444 -0.00657777777777778
B_HA -0.1192 -0.100301303703704 -0.0828527407407407 -0.0779111111111111 -0.0756420740740741 -0.0702 -0.0648888888888889 -0.0633777777777778 -0.0599111111111111 -0.0581795555555556 -0.0561333333333333 -0.0541333333333333 -0.0469333333333333 -0.0425333333333333 -0.0417777777777778 -0.0399111111111111 -0.0381777777777778 -0.0373333333333333 -0.0360888888888889 -0.0336444444444444 -0.0286222222222222 -0.0237777777777778 -0.0217333333333333 -0.0199111111111111
B_MP -0.1608 -0.1467998 -0.0634 -0.052 -0.0444 -0.04 -0.0358144444444444 -0.0339398518518519 -0.0328 -0.0316 -0.0306 -0.0295111111111111 -0.0260888888888889 -0.0256 -0.0234666666666667 -0.0223111111111111 -0.0208444444444444 -0.0199111111111111 -0.0193777777777778 -0.0191111111111111 -0.0182 -0.0172888888888889 -0.0152 -0.0144888888888889
B_NA -0.1514 -0.0844118 -0.0543757037037037 -0.0442 -0.0378513333333333 -0.0345392592592593 -0.0328 -0.0322222222222222 -0.0320444444444444 -0.0319111111111111 -0.0314416296296296 -0.0306222222222222 -0.0274222222222222 -0.0252888888888889 -0.0240444444444444 -0.0212 -0.0198 -0.0183555555555556 -0.0164444444444444 -0.0153777777777778 -0.0139555555555556 -0.013 -0.0114222222222222 -0.0111111111111111
B_NP -0.147 -0.0836813407407407 -0.0663111111111111 -0.0656444444444444 -0.0652 -0.0637777777777778 -0.0603111111111111 -0.0597333333333333 -0.0592444444444444 -0.0589777777777778 -0.0581777777777778 -0.0575392592592592 -0.0521333333333333 -0.0445777777777778 -0.039 -0.0365333333333333 -0.0331111111111111 -0.0302222222222222 -0.0278666666666667 -0.0260888888888889 -0.0222 -0.0192444444444444 -0.0164444444444444 -0.0150666666666667
B_NS -0.1538 -0.105333066666667 -0.063 -0.045732 -0.0398 -0.036 -0.032 -0.0292 -0.0276 -0.0264 -0.0245777777777778 -0.0228 -0.0184274074074074 -0.0168888888888889 -0.0164 -0.0157777777777778 -0.015 -0.0144444444444444 -0.0142 -0.0140444444444444 -0.0136444444444444 -0.0130666666666667 -0.0121333333333333 -0.0119111111111111
B_PA -0.1508 -0.117266333333333 -0.0841333333333333 -0.0697333333333333 -0.065 -0.0572 -0.0547555555555556 -0.0525607407407408 -0.0493777777777778 -0.045984 -0.0452888888888889 -0.0439392592592592 -0.0394666666666667 -0.03416 -0.0291555555555556 -0.0262666666666667 -0.0249333333333333 -0.0231111111111111 -0.021 -0.0195111111111111 -0.017 -0.0146 -0.0124 -0.0116444444444444
B_PB1 -0.376 -0.332503496296296 -0.280738814814815 -0.246962666666667 -0.227733333333333 -0.21201362962963 -0.200562222222222 -0.19 -0.178873037037037 -0.170190222222222 -0.162355555555556 -0.155805925925926 -0.133066666666667 -0.117004444444444 -0.104914814814815 -0.0936251851851852 -0.0825333333333333 -0.0722666666666667 -0.0631111111111111 -0.0545333333333333 -0.0348888888888889 -0.0281333333333333 -0.0204 -0.0182
B_PB2 -0.1712 -0.110355555555556 -0.093244 -0.0877626666666667 -0.0846222222222222 -0.0803111111111111 -0.0773777777777778 -0.0754222222222222 -0.0729777777777778 -0.0711111111111111 -0.0696 -0.0682666666666667 -0.0639111111111111 -0.0540444444444444 -0.0518925925925926 -0.0451111111111111 -0.0409577777777777 -0.0364888888888889 -0.0342222222222222 -0.0329777777777778 -0.0291111111111111 -0.0272 -0.0236888888888889 -0.0217333333333333
