-0.2872 1750
A_HA_H1 -0.7176 -0.657942177777778 -0.599643555555556 -0.573466666666667 -0.555066666666667 -0.541376888888889 -0.5292 -0.517733333333333 -0.507709555555556 -0.497418666666667 -0.487666666666667 -0.4796 -0.443266666666667 -0.403666666666667 -0.3464 -0.297466666666667 -0.2578 -0.230533333333333 -0.210866666666667 -0.1943 -0.166231111111111 -0.143933333333333 -0.115533333333333 -0.102466666666667
A_HA_H10 -0.744933333333333 -0.676155511111111 -0.607510888888889 -0.586221333333333 -0.565087555555556 -0.543933333333333 -0.524753333333333 -0.503243111111111 -0.486771555555556 -0.472042666666667 -0.457666666666667 -0.441733333333333 -0.3508 -0.29004 -0.274933333333333 -0.256533333333333 -0.240666666666667 -0.226333333333333 -0.215666666666667 -0.206733333333333 -0.185697777777778 -0.169933333333333 -0.1388 -0.1218
A_HA_H11 -0.723333333333333 -0.596310222222222 -0.4986 -0.461133333333333 -0.4356 -0.415110222222222 -0.399666666666667 -0.388533333333333 -0.379133333333333 -0.371133333333333 -0.363466666666667 -0.356751111111111 -0.328 -0.307866666666667 -0.291666666666667 -0.2788 -0.268066666666667 -0.2576 -0.249866666666667 -0.242266666666667 -0.229666666666667 -0.217466666666667 -0.194333333333333 -0.184666666666667
A_HA_H12 -0.623533333333333 -0.571866666666667 -0.518710888888889 -0.494354666666667 -0.477666666666667 -0.463287111111111 -0.450443333333333 -0.440443111111111 -0.432733333333333 -0.425733333333333 -0.419266666666667 -0.413042222222222 -0.386733333333333 -0.358933333333333 -0.337933333333333 -0.321066666666667 -0.30877 -0.296235555555555 -0.2862 -0.275 -0.255666666666667 -0.239866666666667 -0.209666666666667 -0.199
A_HA_H13 -0.806533333333333 -0.744910755555556 -0.667244222222222 -0.630909333333333 -0.604487555555556 -0.585 -0.567753333333333 -0.544552888888889 -0.521376222222222 -0.501618666666667 -0.489 -0.476266666666667 -0.430533333333333 -0.403013333333333 -0.378333333333333 -0.359237777777778 -0.3426 -0.328266666666667 -0.3152 -0.304666666666667 -0.287066666666667 -0.269762222222222 -0.239533333333333 -0.226066666666667
A_HA_H14 -0.7992 -0.739177622222222 -0.688444222222222 -0.663310666666667 -0.648910444444444 -0.637110222222222 -0.6268 -0.618133333333333 -0.6096 -0.602376 -0.594533333333333 -0.588066666666667 -0.557907777777778 -0.5278 -0.499133333333333 -0.477704444444444 -0.459636666666667 -0.441266666666667 -0.416733333333333 -0.387466666666667 -0.341066666666667 -0.3108 -0.266666666666667 -0.250066666666667
A_HA_H15 -0.6914 -0.648377755555556 -0.571444222222222 -0.547577333333333 -0.527133333333333 -0.511620444444445 -0.497643333333333 -0.4846 -0.472266666666667 -0.462042666666667 -0.451909111111111 -0.442617777777778 -0.4046 -0.382173333333333 -0.3632 -0.338733333333333 -0.310933333333333 -0.2882 -0.268066666666667 -0.253366666666667 -0.233533333333333 -0.216666666666667 -0.1878 -0.176266666666667
A_HA_H16 -0.781533333333333 -0.689088711111111 -0.611310888888889 -0.564354666666667 -0.519133333333333 -0.486176888888889 -0.4686 -0.457866666666667 -0.449933333333333 -0.442376 -0.4364 -0.4304 -0.404733333333333 -0.383306666666667 -0.366733333333333 -0.353866666666667 -0.341933333333333 -0.3306 -0.318701111111111 -0.307333333333333 -0.287866666666667 -0.2678 -0.2294 -0.213066666666667
A_HA_H2 -0.808066666666667 -0.772244422222222 -0.740577555555556 -0.729933333333333 -0.723443777777778 -0.715843555555556 -0.707733333333333 -0.701666666666667 -0.693909555555555 -0.685642666666667 -0.676933333333333 -0.669175555555556 -0.634215555555556 -0.606 -0.5794 -0.5534 -0.528903333333333 -0.507933333333333 -0.492333333333333 -0.478266666666667 -0.4546 -0.435666666666667 -0.4022 -0.384733333333333
A_HA_H3 -0.787333333333333 -0.670394688888889 -0.584249555555556 -0.556654666666667 -0.536246 -0.519398222222222 -0.501606666666667 -0.483933333333333 -0.4678 -0.449285333333333 -0.427466666666667 -0.402428888888889 -0.278854444444444 -0.255346666666667 -0.225666666666667 -0.2004 -0.178066666666667 -0.162133333333333 -0.147807777777778 -0.1396 -0.1242 -0.114466666666667 -0.093371111111111 -0.0846
A_HA_H4 -0.844666666666667 -0.7352666 -0.638488444444444 -0.606933333333333 -0.589577111111111 -0.5762 -0.565266666666667 -0.556666666666667 -0.549642888888889 -0.543466666666667 -0.536533333333333 -0.529333333333333 -0.489441111111111 -0.452733333333333 -0.424933333333333 -0.395733333333333 -0.3658 -0.326533333333333 -0.2868 -0.248033333333333 -0.209733333333333 -0.191066666666667 -0.152933333333333 -0.1398
A_HA_H5 -0.770866666666667 -0.640583888888889 -0.4866 -0.439169333333333 -0.406266666666667 -0.384266666666667 -0.368933333333333 -0.357733333333333 -0.347733333333333 -0.3382 -0.3314 -0.323866666666667 -0.293214444444444 -0.269 -0.247066666666667 -0.228266666666667 -0.2096 -0.1916 -0.175554444444444 -0.1608 -0.1332 -0.116 -0.0895333333333333 -0.0792
A_HA_H6 -0.700666666666667 -0.652443955555556 -0.593310888888889 -0.572554666666667 -0.5598 -0.5508 -0.543353333333333 -0.535733333333333 -0.53 -0.5248 -0.520133333333333 -0.516242222222222 -0.498866666666667 -0.480666666666667 -0.464266666666667 -0.451371111111111 -0.4384 -0.424866666666667 -0.41 -0.390866666666667 -0.3536 -0.3228 -0.262533333333333 -0.243866666666667
A_HA_H7 -0.8344 -0.697287511111111 -0.622688444444444 -0.600666666666667 -0.584864666666667 -0.572733333333333 -0.564066666666667 -0.556376444444444 -0.549976222222222 -0.544418666666667 -0.538 -0.532708888888889 -0.497441111111111 -0.462 -0.423533333333333 -0.380866666666667 -0.33757 -0.2924 -0.2682 -0.255666666666667 -0.2386 -0.223466666666667 -0.195333333333333 -0.1776
A_HA_H8 -0.5518 -0.5070666 -0.4474 -0.427244 -0.4174 -0.410597333333333 -0.4036 -0.397443111111111 -0.390066666666667 -0.383909333333333 -0.380466666666667 -0.3762 -0.351774444444444 -0.314333333333333 -0.291266666666667 -0.2756 -0.259533333333333 -0.244733333333333 -0.2364 -0.226066666666667 -0.208764444444444 -0.194333333333333 -0.1726 -0.162266666666667
A_HA_H9 -0.570066666666667 -0.510822111111111 -0.403755111111111 -0.3706 -0.3502 -0.329553777777778 -0.309553333333333 -0.2928 -0.280285777777778 -0.275133333333333 -0.270066666666667 -0.264666666666667 -0.239533333333333 -0.2204 -0.203666666666667 -0.192866666666667 -0.182466666666667 -0.173866666666667 -0.167 -0.1582 -0.144133333333333 -0.134733333333333 -0.113933333333333 -0.106066666666667
B_HA -0.195733333333333 -0.148332333333333 -0.122533333333333 -0.109733333333333 -0.107533333333333 -0.1 -0.0947333333333333 -0.0908666666666667 -0.0888 -0.0848426666666667 -0.0826 -0.0786 -0.0726 -0.0673333333333333 -0.0638 -0.0607333333333333 -0.055 -0.051 -0.0474 -0.0446 -0.0396 -0.0376 -0.0329333333333333 -0.031
