-1038.71 -1302.68 -1066.69 -1280.63 -1276.56 -1297.92 -898.71 -1991.74 -856.42
-1013.33 -1297.64 -1022.57 -1240.68 -1177.17 -1660.49 -862.88 -1547.09 -817.83
-1016.00 -1305.21 -1056.16 -1252.57 -1203.45 -1681.40 -873.33 -1574.22 -788.32
-1016.00 -1305.21 -1056.16 -1252.57 -1203.45 -1681.40 -873.33 -1574.22 -788.32
-1014.96 -1303.93 -1056.65 -1252.63 -1200.88 -1682.23 -873.54 -1571.21 -787.39
-1014.96 -1303.93 -1056.65 -1252.63 -1200.88 -1682.23 -873.54 -1571.21 -787.39
-995.00 -1708.40 -1005.14 -1330.85 -1093.31 -1184.86 -871.74 -1420.30 -800.14
-996.45 -1706.86 -1004.62 -1329.72 -1095.37 -1186.95 -869.22 -1418.40 -804.02
-981.19 -1223.74 -961.89 -1222.76 -1664.44 -1198.53 -841.41 -1542.25 -731.23
-981.19 -1223.74 -961.89 -1222.76 -1664.44 -1198.53 -841.41 -1542.25 -731.23
-973.39 -1189.51 -949.42 -1186.05 -1710.41 -1164.94 -800.06 -1476.52 -680.30
-973.39 -1189.51 -949.42 -1186.05 -1710.41 -1164.94 -800.06 -1476.52 -680.30
-973.98 -1190.27 -950.31 -1186.80 -1710.05 -1165.62 -800.79 -1476.47 -680.85
-1059.30 -1322.33 -1034.27 -1301.28 -1299.01 -1298.62 -903.68 -1909.19 -836.25
-975.93 -1292.15 -947.94 -1817.73 -1113.58 -1120.33 -882.41 -1349.38 -737.47
-806.31 -984.36 -759.16 -930.44 -832.95 -900.79 -1818.60 -837.65 -1181.07
-807.54 -988.36 -759.00 -934.93 -839.22 -909.32 -1819.86 -843.29 -1191.20
-805.20 -984.89 -761.55 -929.21 -833.18 -903.60 -1822.03 -840.43 -1184.99
-959.16 -1275.41 -924.73 -1811.70 -1102.23 -1126.09 -877.73 -1310.78 -728.25
-986.96 -1332.81 -960.28 -1820.00 -1099.84 -1123.46 -871.25 -1366.53 -741.37
-810.05 -992.56 -816.87 -932.05 -855.94 -917.36 -1093.12 -868.39 -2001.26
-754.58 -927.78 -757.80 -845.61 -802.50 -856.06 -1022.78 -755.95 -1962.64
-856.44 -1099.43 -1867.90 -997.01 -952.31 -1015.64 -760.13 -1030.55 -637.03
-1009.20 -1360.56 -963.52 -1757.58 -1097.87 -1132.96 -875.11 -1391.53 -759.04
-1412.65 -1289.92 -965.91 -1263.29 -1142.23 -1193.60 -886.20 -1463.47 -799.39
-1412.65 -1289.92 -965.91 -1263.29 -1142.23 -1193.60 -886.20 -1463.47 -799.39
-1412.65 -1289.92 -965.91 -1263.29 -1142.23 -1193.60 -886.20 -1463.47 -799.39
-1412.65 -1289.92 -965.91 -1263.29 -1142.23 -1193.60 -886.20 -1463.47 -799.39
-1412.65 -1289.92 -965.91 -1263.29 -1142.23 -1193.60 -886.20 -1463.47 -799.39
-817.82 -1007.47 -806.55 -918.78 -857.62 -921.18 -1110.81 -866.48 -1969.67
-1086.08 -1350.56 -1023.52 -1306.56 -1297.92 -1283.59 -900.51 -1774.02 -806.94
-841.68 -1087.17 -1799.17 -995.17 -950.12 -1000.10 -759.19 -1053.47 -660.82
-936.56 -1241.64 -883.88 -1759.50 -1048.77 -1106.75 -849.14 -1231.14 -745.95
-821.41 -1029.22 -807.63 -928.40 -884.86 -930.08 -1116.67 -896.38 -1951.50
-1015.40 -1751.45 -1040.16 -1320.99 -1084.73 -1183.09 -929.09 -1414.53 -829.02
-831.88 -1008.61 -808.22 -925.54 -861.25 -924.25 -1108.77 -881.45 -1916.01
-832.06 -997.15 -765.70 -920.77 -862.19 -906.97 -1750.16 -856.64 -1179.70
-832.06 -997.15 -765.70 -920.77 -862.19 -906.97 -1750.16 -856.64 -1179.70
-1050.84 -1320.32 -1012.62 -1275.76 -1303.22 -1283.80 -891.88 -1930.06 -836.38
-1018.71 -1755.34 -1047.52 -1323.69 -1092.07 -1190.07 -939.80 -1426.67 -844.66
-1022.49 -1318.84 -1026.45 -1314.05 -1226.63 -1287.59 -906.83 -1904.39 -792.37
-989.45 -1726.94 -1017.74 -1278.82 -1085.66 -1143.88 -887.73 -1340.50 -785.31
-846.57 -1089.87 -1800.74 -1002.28 -957.10 -1005.83 -764.53 -1059.45 -669.69
-849.91 -1105.53 -1869.93 -1003.57 -952.58 -1018.37 -766.98 -1033.79 -636.19
-847.73 -1100.52 -1868.11 -999.98 -949.47 -1016.19 -764.33 -1028.18 -629.98
