-2239.57 -2033.52 -2205.18 -2227.19
-2231.91 -2029.95 -2195.45 -2217.36
-2238.64 -2033.11 -2203.61 -2226.01
-2250.53 -2022.19 -2214.83 -2241.22
-2206.86 -1991.22 -2225.42 -2206.48
-2214.93 -1992.71 -2189.86 -2249.44
-2226.96 -1999.73 -2235.68 -2228.45
-2222.08 -1998.14 -2172.45 -2194.50
-2240.83 -2017.56 -2202.41 -2227.47
-2235.14 -2032.02 -2199.61 -2221.90
-2235.14 -2032.02 -2199.61 -2221.90
-2232.65 -2009.53 -2191.44 -2214.07
-2249.00 -2022.88 -2209.98 -2236.50
-2219.93 -1994.27 -2192.56 -2251.45
-2224.21 -1996.51 -2240.88 -2224.60
-2214.92 -1990.82 -2232.57 -2214.94
-2188.45 -1974.90 -2207.57 -2186.28
-2226.65 -1997.76 -2198.21 -2259.88
-2219.62 -1996.62 -2192.86 -2247.51
-2195.29 -1978.50 -2168.21 -2253.28
