-0.2423 2400
A_MP -0.1964 -0.125333266666667 -0.08 -0.0653333333333333 -0.0582437777777778 -0.0527333333333333 -0.0472 -0.0438 -0.0426 -0.0406426666666667 -0.0396 -0.0387333333333333 -0.0342666666666667 -0.0310666666666667 -0.0288666666666667 -0.0269333333333333 -0.0247333333333333 -0.023 -0.0216 -0.0204 -0.0187333333333333 -0.0176 -0.0155333333333333 -0.0145333333333333
A_NP -0.1884 -0.131733266666667 -0.0885333333333333 -0.079 -0.0658666666666667 -0.0586 -0.052 -0.0482 -0.0466 -0.0441093333333334 -0.0416 -0.0404 -0.0346 -0.0306666666666667 -0.0299333333333333 -0.0286 -0.0278 -0.0262666666666667 -0.0248 -0.0233333333333333 -0.0216666666666667 -0.0200666666666667 -0.0175333333333333 -0.0162
A_NS -0.2512 -0.1192 -0.077 -0.063332 -0.0552 -0.05 -0.0464 -0.0428 -0.0396 -0.0376666666666667 -0.036 -0.0341333333333333 -0.0284 -0.0262 -0.0243333333333333 -0.0231333333333333 -0.0224 -0.0216666666666667 -0.0206666666666667 -0.0198 -0.0186666666666667 -0.0177333333333333 -0.0152666666666667 -0.0148666666666667
A_PA -0.1972 -0.137533266666667 -0.0776 -0.0664 -0.0586 -0.0512435555555556 -0.046 -0.0424 -0.0408 -0.0384 -0.0368666666666667 -0.0356 -0.0304 -0.0279333333333333 -0.0265333333333333 -0.025 -0.0238 -0.0224666666666667 -0.0214 -0.0206666666666667 -0.0194 -0.0182 -0.0162666666666667 -0.0154
A_PB1 -0.5458 -0.508111088888889 -0.391106888888889 -0.302466666666667 -0.276666666666667 -0.251658666666667 -0.238533333333333 -0.227019555555556 -0.217866666666667 -0.210533333333333 -0.192109111111111 -0.163066666666667 -0.1002 -0.0678 -0.053 -0.0436 -0.0378 -0.0346 -0.0326 -0.031 -0.0282 -0.0265333333333333 -0.0247333333333333 -0.0242
A_PB2 -0.1888 -0.1426 -0.0939333333333333 -0.0766 -0.0686 -0.0604 -0.0533333333333333 -0.0482 -0.044 -0.0427333333333333 -0.0427333333333333 -0.042 -0.0342 -0.0299333333333333 -0.0273333333333333 -0.0256666666666667 -0.0244 -0.0229333333333333 -0.0217333333333333 -0.0213333333333333 -0.0198 -0.0179333333333333 -0.0164 -0.0158666666666667
B_MP -0.2032 -0.165732866666667 -0.0961326666666667 -0.0832 -0.0734 -0.0682 -0.0658 -0.0622 -0.0598 -0.057 -0.0553333333333333 -0.053351111111111 -0.0484 -0.0452 -0.0432 -0.0411333333333333 -0.0386 -0.0364 -0.035 -0.0331333333333333 -0.0310666666666667 -0.03 -0.0275333333333333 -0.0266
B_NP -0.1576 -0.129555311111111 -0.1108 -0.105666666666667 -0.0964666666666667 -0.0934 -0.0895333333333333 -0.0825333333333333 -0.0791333333333333 -0.0776666666666667 -0.0752666666666667 -0.0729333333333333 -0.0641333333333333 -0.0577333333333333 -0.0536 -0.0490666666666667 -0.0453333333333333 -0.0418 -0.0386 -0.0354 -0.0321333333333333 -0.0296666666666667 -0.0258 -0.0250666666666667
B_NS -0.1862 -0.1484 -0.0982 -0.081132 -0.0731313333333333 -0.0690435555555556 -0.0634 -0.0586 -0.055 -0.0516 -0.049 -0.0466 -0.0395333333333333 -0.0384666666666667 -0.0364 -0.0354666666666667 -0.0340666666666667 -0.0329333333333333 -0.0316666666666667 -0.0314666666666667 -0.0286 -0.028 -0.0260666666666667 -0.0252666666666667
B_PA -0.1826 -0.1346 -0.105932666666667 -0.094132 -0.0860437777777778 -0.0803333333333333 -0.0763333333333333 -0.073 -0.0698 -0.0669333333333333 -0.0642666666666667 -0.0624 -0.0545333333333333 -0.0490666666666667 -0.0444 -0.0410666666666667 -0.0375333333333333 -0.0352 -0.0338 -0.0322666666666667 -0.0300666666666667 -0.0282 -0.0251333333333333 -0.0242
B_PB1 -0.474133333333333 -0.435021577777778 -0.312108888888889 -0.257733333333333 -0.234666666666667 -0.220487111111111 -0.21202 -0.2034 -0.195933333333333 -0.189666666666667 -0.183909111111111 -0.177084444444444 -0.153041111111111 -0.138 -0.121866666666667 -0.106666666666667 -0.0942 -0.0809333333333333 -0.0696 -0.0607333333333333 -0.0498 -0.0422 -0.0337333333333333 -0.0305333333333333
B_PB2 -0.1938 -0.1648 -0.1312 -0.121666666666667 -0.1142 -0.1074 -0.102333333333333 -0.0994666666666666 -0.0973333333333333 -0.0960666666666667 -0.0958666666666667 -0.095 -0.0869333333333333 -0.0746 -0.0665333333333333 -0.061 -0.0548 -0.0504 -0.0469333333333333 -0.0457333333333333 -0.0422 -0.0392 -0.0356666666666667 -0.0341333333333333
