-0.2346 2400
A_HA_H1 -0.7176 -0.657942177777778 -0.599643555555556 -0.573466666666667 -0.555066666666667 -0.541376888888889 -0.5292 -0.517733333333333 -0.507709555555556 -0.497418666666667 -0.487666666666667 -0.4796 -0.443266666666667 -0.403666666666667 -0.3464 -0.297466666666667 -0.2578 -0.230533333333333 -0.210866666666667 -0.1943 -0.166231111111111 -0.143933333333333 -0.115533333333333 -0.102466666666667
A_HA_H10 -0.744933333333333 -0.676155511111111 -0.607510888888889 -0.586221333333333 -0.565087555555556 -0.543933333333333 -0.524753333333333 -0.503243111111111 -0.486771555555556 -0.472042666666667 -0.457666666666667 -0.441733333333333 -0.3508 -0.29004 -0.274933333333333 -0.256533333333333 -0.240666666666667 -0.226333333333333 -0.215666666666667 -0.206733333333333 -0.185697777777778 -0.169933333333333 -0.1388 -0.1218
A_HA_H11 -0.723333333333333 -0.596310222222222 -0.4986 -0.461133333333333 -0.4356 -0.415110222222222 -0.399666666666667 -0.388533333333333 -0.379133333333333 -0.371133333333333 -0.363466666666667 -0.356751111111111 -0.328 -0.307866666666667 -0.291666666666667 -0.2788 -0.268066666666667 -0.2576 -0.249866666666667 -0.242266666666667 -0.229666666666667 -0.217466666666667 -0.194333333333333 -0.184666666666667
A_HA_H12 -0.623533333333333 -0.571866666666667 -0.518710888888889 -0.494354666666667 -0.477666666666667 -0.463287111111111 -0.450443333333333 -0.440443111111111 -0.432733333333333 -0.425733333333333 -0.419266666666667 -0.413042222222222 -0.386733333333333 -0.358933333333333 -0.337933333333333 -0.321066666666667 -0.30877 -0.296235555555555 -0.2862 -0.275 -0.255666666666667 -0.239866666666667 -0.209666666666667 -0.199
A_HA_H13 -0.806533333333333 -0.744910755555556 -0.667244222222222 -0.630909333333333 -0.604487555555556 -0.585 -0.567753333333333 -0.544552888888889 -0.521376222222222 -0.501618666666667 -0.489 -0.476266666666667 -0.430533333333333 -0.403013333333333 -0.378333333333333 -0.359237777777778 -0.3426 -0.328266666666667 -0.3152 -0.304666666666667 -0.287066666666667 -0.269762222222222 -0.239533333333333 -0.226066666666667
A_HA_H14 -0.7992 -0.739177622222222 -0.688444222222222 -0.663310666666667 -0.648910444444444 -0.637110222222222 -0.6268 -0.618133333333333 -0.6096 -0.602376 -0.594533333333333 -0.588066666666667 -0.557907777777778 -0.5278 -0.499133333333333 -0.477704444444444 -0.459636666666667 -0.441266666666667 -0.416733333333333 -0.387466666666667 -0.341066666666667 -0.3108 -0.266666666666667 -0.250066666666667
A_HA_H15 -0.6914 -0.648377755555556 -0.571444222222222 -0.547577333333333 -0.527133333333333 -0.511620444444445 -0.497643333333333 -0.4846 -0.472266666666667 -0.462042666666667 -0.451909111111111 -0.442617777777778 -0.4046 -0.382173333333333 -0.3632 -0.338733333333333 -0.310933333333333 -0.2882 -0.268066666666667 -0.253366666666667 -0.233533333333333 -0.216666666666667 -0.1878 -0.176266666666667
A_HA_H16 -0.781533333333333 -0.689088711111111 -0.611310888888889 -0.564354666666667 -0.519133333333333 -0.486176888888889 -0.4686 -0.457866666666667 -0.449933333333333 -0.442376 -0.4364 -0.4304 -0.404733333333333 -0.383306666666667 -0.366733333333333 -0.353866666666667 -0.341933333333333 -0.3306 -0.318701111111111 -0.307333333333333 -0.287866666666667 -0.2678 -0.2294 -0.213066666666667
A_HA_H2 -0.808066666666667 -0.772244422222222 -0.740577555555556 -0.729933333333333 -0.723443777777778 -0.715843555555556 -0.707733333333333 -0.701666666666667 -0.693909555555555 -0.685642666666667 -0.676933333333333 -0.669175555555556 -0.634215555555556 -0.606 -0.5794 -0.5534 -0.528903333333333 -0.507933333333333 -0.492333333333333 -0.478266666666667 -0.4546 -0.435666666666667 -0.4022 -0.384733333333333
A_HA_H3 -0.787333333333333 -0.670394688888889 -0.584249555555556 -0.556654666666667 -0.536246 -0.519398222222222 -0.501606666666667 -0.483933333333333 -0.4678 -0.449285333333333 -0.427466666666667 -0.402428888888889 -0.278854444444444 -0.255346666666667 -0.225666666666667 -0.2004 -0.178066666666667 -0.162133333333333 -0.147807777777778 -0.1396 -0.1242 -0.114466666666667 -0.093371111111111 -0.0846
A_HA_H4 -0.844666666666667 -0.7352666 -0.638488444444444 -0.606933333333333 -0.589577111111111 -0.5762 -0.565266666666667 -0.556666666666667 -0.549642888888889 -0.543466666666667 -0.536533333333333 -0.529333333333333 -0.489441111111111 -0.452733333333333 -0.424933333333333 -0.395733333333333 -0.3658 -0.326533333333333 -0.2868 -0.248033333333333 -0.209733333333333 -0.191066666666667 -0.152933333333333 -0.1398
A_HA_H5 -0.770866666666667 -0.640583888888889 -0.4866 -0.439169333333333 -0.406266666666667 -0.384266666666667 -0.368933333333333 -0.357733333333333 -0.347733333333333 -0.3382 -0.3314 -0.323866666666667 -0.293214444444444 -0.269 -0.247066666666667 -0.228266666666667 -0.2096 -0.1916 -0.175554444444444 -0.1608 -0.1332 -0.116 -0.0895333333333333 -0.0792
A_HA_H6 -0.700666666666667 -0.652443955555556 -0.593310888888889 -0.572554666666667 -0.5598 -0.5508 -0.543353333333333 -0.535733333333333 -0.53 -0.5248 -0.520133333333333 -0.516242222222222 -0.498866666666667 -0.480666666666667 -0.464266666666667 -0.451371111111111 -0.4384 -0.424866666666667 -0.41 -0.390866666666667 -0.3536 -0.3228 -0.262533333333333 -0.243866666666667
A_HA_H7 -0.8344 -0.697287511111111 -0.622688444444444 -0.600666666666667 -0.584864666666667 -0.572733333333333 -0.564066666666667 -0.556376444444444 -0.549976222222222 -0.544418666666667 -0.538 -0.532708888888889 -0.497441111111111 -0.462 -0.423533333333333 -0.380866666666667 -0.33757 -0.2924 -0.2682 -0.255666666666667 -0.2386 -0.223466666666667 -0.195333333333333 -0.1776
A_HA_H8 -0.5518 -0.5070666 -0.4474 -0.427244 -0.4174 -0.410597333333333 -0.4036 -0.397443111111111 -0.390066666666667 -0.383909333333333 -0.380466666666667 -0.3762 -0.351774444444444 -0.314333333333333 -0.291266666666667 -0.2756 -0.259533333333333 -0.244733333333333 -0.2364 -0.226066666666667 -0.208764444444444 -0.194333333333333 -0.1726 -0.162266666666667
A_HA_H9 -0.570066666666667 -0.510822111111111 -0.403755111111111 -0.3706 -0.3502 -0.329553777777778 -0.309553333333333 -0.2928 -0.280285777777778 -0.275133333333333 -0.270066666666667 -0.264666666666667 -0.239533333333333 -0.2204 -0.203666666666667 -0.192866666666667 -0.182466666666667 -0.173866666666667 -0.167 -0.1582 -0.144133333333333 -0.134733333333333 -0.113933333333333 -0.106066666666667
A_MP -0.1964 -0.125333266666667 -0.08 -0.0653333333333333 -0.0582437777777778 -0.0527333333333333 -0.0472 -0.0438 -0.0426 -0.0406426666666667 -0.0396 -0.0387333333333333 -0.0342666666666667 -0.0310666666666667 -0.0288666666666667 -0.0269333333333333 -0.0247333333333333 -0.023 -0.0216 -0.0204 -0.0187333333333333 -0.0176 -0.0155333333333333 -0.0145333333333333
A_NA_N1 -0.672333333333333 -0.540651111111111 -0.417317777777778 -0.362 -0.284354444444444 -0.218133333333333 -0.1982 -0.1916 -0.183133333333333 -0.1774 -0.169133333333333 -0.1656 -0.138333333333333 -0.112466666666667 -0.0983388888888889 -0.0871333333333333 -0.0780166666666668 -0.0692666666666667 -0.0630666666666667 -0.0584666666666667 -0.0516666666666667 -0.0449333333333333 -0.0354 -0.0330666666666667
A_NA_N2 -0.258466666666667 -0.214272444444444 -0.1826 -0.1676 -0.1598 -0.152151111111111 -0.1466 -0.141066666666667 -0.140266666666667 -0.135733333333333 -0.130666666666667 -0.1256 -0.108733333333333 -0.0974 -0.0899333333333333 -0.0835333333333333 -0.0782 -0.0735333333333333 -0.0691333333333333 -0.0643333333333333 -0.0543333333333333 -0.047 -0.0358 -0.0318
A_NA_N3 -0.2668 -0.247577755555556 -0.227887777777778 -0.216044 -0.2084 -0.202333333333333 -0.1992 -0.196866666666667 -0.193733333333333 -0.1926 -0.191 -0.188266666666667 -0.1782 -0.1708 -0.1646 -0.163104444444444 -0.1594 -0.152133333333333 -0.1464 -0.138866666666667 -0.126133333333333 -0.1156 -0.0999333333333333 -0.0940666666666667
A_NA_N4 -0.628933333333333 -0.608399933333333 -0.578177555555556 -0.5626 -0.550310444444444 -0.541376888888889 -0.5314 -0.522066666666667 -0.513442888888889 -0.505376 -0.497133333333333 -0.489508888888889 -0.451866666666667 -0.422706666666667 -0.401 -0.384333333333333 -0.368733333333333 -0.3542 -0.3404 -0.3278 -0.305466666666667 -0.283733333333333 -0.247666666666667 -0.227466666666667
A_NA_N5 -0.680266666666667 -0.608444422222222 -0.541599333333333 -0.516066666666667 -0.497666666666667 -0.486666666666667 -0.477933333333333 -0.470066666666667 -0.462 -0.455266666666667 -0.448618222222222 -0.440817777777778 -0.404466666666667 -0.37 -0.345572222222222 -0.3258 -0.305266666666667 -0.277333333333333 -0.248101111111111 -0.223333333333333 -0.190333333333333 -0.1722 -0.144066666666667 -0.131466666666667
A_NA_N6 -0.655733333333333 -0.570955444444444 -0.489951777777778 -0.42602 -0.387266666666667 -0.362043555555556 -0.342533333333333 -0.322909777777778 -0.3062 -0.292394666666667 -0.280866666666667 -0.2708 -0.2386 -0.2142 -0.196466666666667 -0.186733333333333 -0.17737 -0.1736 -0.168634444444444 -0.161533333333333 -0.1536 -0.142866666666667 -0.1236 -0.114866666666667
A_NA_N7 -0.433266666666667 -0.368821311111111 -0.334999333333333 -0.3168 -0.303243777777778 -0.291933333333333 -0.2882 -0.282843111111111 -0.275 -0.27 -0.265666666666667 -0.261066666666667 -0.2444 -0.217333333333333 -0.195333333333333 -0.179866666666667 -0.169533333333333 -0.162368888888889 -0.157866666666667 -0.153466666666667 -0.1484 -0.143266666666667 -0.130333333333333 -0.122266666666667
A_NA_N8 -0.682066666666667 -0.661688511111111 -0.617844222222222 -0.590910666666667 -0.568333333333333 -0.551533333333333 -0.53291 -0.511466666666667 -0.493976222222222 -0.475242666666667 -0.460442444444444 -0.4446 -0.3796 -0.323466666666667 -0.270133333333333 -0.228066666666667 -0.2008 -0.178133333333333 -0.157666666666667 -0.139066666666667 -0.1204 -0.114 -0.101 -0.0984666666666666
A_NA_N9 -0.597066666666667 -0.538287911111111 -0.429533333333333 -0.3536 -0.303818888888889 -0.272466666666667 -0.25031 -0.235976444444444 -0.220552444444444 -0.211218666666667 -0.202466666666667 -0.1984 -0.171015555555556 -0.15624 -0.144666666666667 -0.1368 -0.129933333333333 -0.123666666666667 -0.1204 -0.1192 -0.113733333333333 -0.108533333333333 -0.0990244444444443 -0.0922
A_NP -0.1884 -0.131733266666667 -0.0885333333333333 -0.079 -0.0658666666666667 -0.0586 -0.052 -0.0482 -0.0466 -0.0441093333333334 -0.0416 -0.0404 -0.0346 -0.0306666666666667 -0.0299333333333333 -0.0286 -0.0278 -0.0262666666666667 -0.0248 -0.0233333333333333 -0.0216666666666667 -0.0200666666666667 -0.0175333333333333 -0.0162
A_NS -0.2512 -0.1192 -0.077 -0.063332 -0.0552 -0.05 -0.0464 -0.0428 -0.0396 -0.0376666666666667 -0.036 -0.0341333333333333 -0.0284 -0.0262 -0.0243333333333333 -0.0231333333333333 -0.0224 -0.0216666666666667 -0.0206666666666667 -0.0198 -0.0186666666666667 -0.0177333333333333 -0.0152666666666667 -0.0148666666666667
A_PA -0.1972 -0.137533266666667 -0.0776 -0.0664 -0.0586 -0.0512435555555556 -0.046 -0.0424 -0.0408 -0.0384 -0.0368666666666667 -0.0356 -0.0304 -0.0279333333333333 -0.0265333333333333 -0.025 -0.0238 -0.0224666666666667 -0.0214 -0.0206666666666667 -0.0194 -0.0182 -0.0162666666666667 -0.0154
A_PB1 -0.5458 -0.508111088888889 -0.391106888888889 -0.302466666666667 -0.276666666666667 -0.251658666666667 -0.238533333333333 -0.227019555555556 -0.217866666666667 -0.210533333333333 -0.192109111111111 -0.163066666666667 -0.1002 -0.0678 -0.053 -0.0436 -0.0378 -0.0346 -0.0326 -0.031 -0.0282 -0.0265333333333333 -0.0247333333333333 -0.0242
A_PB2 -0.1888 -0.1426 -0.0939333333333333 -0.0766 -0.0686 -0.0604 -0.0533333333333333 -0.0482 -0.044 -0.0427333333333333 -0.0427333333333333 -0.042 -0.0342 -0.0299333333333333 -0.0273333333333333 -0.0256666666666667 -0.0244 -0.0229333333333333 -0.0217333333333333 -0.0213333333333333 -0.0198 -0.0179333333333333 -0.0164 -0.0158666666666667
B_HA -0.195733333333333 -0.148332333333333 -0.122533333333333 -0.109733333333333 -0.107533333333333 -0.1 -0.0947333333333333 -0.0908666666666667 -0.0888 -0.0848426666666667 -0.0826 -0.0786 -0.0726 -0.0673333333333333 -0.0638 -0.0607333333333333 -0.055 -0.051 -0.0474 -0.0446 -0.0396 -0.0376 -0.0329333333333333 -0.031
B_MP -0.2032 -0.165732866666667 -0.0961326666666667 -0.0832 -0.0734 -0.0682 -0.0658 -0.0622 -0.0598 -0.057 -0.0553333333333333 -0.053351111111111 -0.0484 -0.0452 -0.0432 -0.0411333333333333 -0.0386 -0.0364 -0.035 -0.0331333333333333 -0.0310666666666667 -0.03 -0.0275333333333333 -0.0266
B_NA -0.1752 -0.127133266666667 -0.0947326666666666 -0.0798 -0.0737313333333333 -0.0676 -0.0656 -0.0646 -0.064 -0.0612 -0.0607333333333333 -0.0598 -0.056 -0.0507333333333333 -0.0458 -0.042 -0.0384666666666667 -0.0362 -0.0342 -0.0326666666666667 -0.0304666666666667 -0.0282 -0.0259333333333333 -0.0247333333333333
B_NP -0.1576 -0.129555311111111 -0.1108 -0.105666666666667 -0.0964666666666667 -0.0934 -0.0895333333333333 -0.0825333333333333 -0.0791333333333333 -0.0776666666666667 -0.0752666666666667 -0.0729333333333333 -0.0641333333333333 -0.0577333333333333 -0.0536 -0.0490666666666667 -0.0453333333333333 -0.0418 -0.0386 -0.0354 -0.0321333333333333 -0.0296666666666667 -0.0258 -0.0250666666666667
B_NS -0.1862 -0.1484 -0.0982 -0.081132 -0.0731313333333333 -0.0690435555555556 -0.0634 -0.0586 -0.055 -0.0516 -0.049 -0.0466 -0.0395333333333333 -0.0384666666666667 -0.0364 -0.0354666666666667 -0.0340666666666667 -0.0329333333333333 -0.0316666666666667 -0.0314666666666667 -0.0286 -0.028 -0.0260666666666667 -0.0252666666666667
B_PA -0.1826 -0.1346 -0.105932666666667 -0.094132 -0.0860437777777778 -0.0803333333333333 -0.0763333333333333 -0.073 -0.0698 -0.0669333333333333 -0.0642666666666667 -0.0624 -0.0545333333333333 -0.0490666666666667 -0.0444 -0.0410666666666667 -0.0375333333333333 -0.0352 -0.0338 -0.0322666666666667 -0.0300666666666667 -0.0282 -0.0251333333333333 -0.0242
B_PB1 -0.474133333333333 -0.435021577777778 -0.312108888888889 -0.257733333333333 -0.234666666666667 -0.220487111111111 -0.21202 -0.2034 -0.195933333333333 -0.189666666666667 -0.183909111111111 -0.177084444444444 -0.153041111111111 -0.138 -0.121866666666667 -0.106666666666667 -0.0942 -0.0809333333333333 -0.0696 -0.0607333333333333 -0.0498 -0.0422 -0.0337333333333333 -0.0305333333333333
B_PB2 -0.1938 -0.1648 -0.1312 -0.121666666666667 -0.1142 -0.1074 -0.102333333333333 -0.0994666666666666 -0.0973333333333333 -0.0960666666666667 -0.0958666666666667 -0.095 -0.0869333333333333 -0.0746 -0.0665333333333333 -0.061 -0.0548 -0.0504 -0.0469333333333333 -0.0457333333333333 -0.0422 -0.0392 -0.0356666666666667 -0.0341333333333333
