%MultiClassSVM
multiclass_type=0;
num_classes=17;
num_svms=17;
kernel='PolyKernel';

%SVM 0 of 16
numsv0=96;
b0=-4.2890295781136309e-05;
alphas0=[
	[-5.1224176987954117e-04,0];
	[-9.5050407136872085e-04,1];
	[-7.1876923948589538e-04,2];
	[-4.3934179106076008e-04,3];
	[-5.1455177705682570e-04,4];
	[-4.3021373509007581e-04,5];
	[+8.0387299399714927e-03,6];
	[+1.0343387981770816e-02,7];
	[+9.9450087541630584e-03,8];
	[+7.9615862534068195e-03,9];
	[+8.0628974329858272e-03,10];
	[+1.3260695175593945e-02,11];
	[-8.3585954045953845e-04,12];
	[-5.6336499815957475e-04,13];
	[-1.5329420136420114e-04,14];
	[-4.4553698712920695e-04,15];
	[-4.2516811231190724e-04,16];
	[-1.1712015949722836e-03,17];
	[-4.3560121483888380e-04,18];
	[-9.5981424190626425e-04,19];
	[-4.7389124668345127e-04,20];
	[-9.5141469397205022e-04,21];
	[-4.7346430143534716e-04,22];
	[-2.9480079793510250e-04,23];
	[-6.7038828650972508e-04,24];
	[-5.6066978136209815e-04,25];
	[-7.2224330782809940e-04,26];
	[-4.6051178709041653e-04,27];
	[-6.8991087917091300e-04,28];
	[-4.6786069158372362e-04,29];
	[-6.9893586638923881e-04,30];
	[-8.5030077653764724e-04,31];
	[-4.7934709538701136e-04,32];
	[-4.7929763401826655e-04,33];
	[-5.4299587329571612e-04,34];
	[-3.2603305882070648e-04,35];
	[-6.7379843656642231e-04,36];
	[-6.7366884339469728e-04,37];
	[-5.5247621761275365e-04,38];
	[-5.5231466485244993e-04,39];
	[-5.5236545843466661e-04,40];
	[-5.5236545843468949e-04,41];
	[-3.1496291684875513e-04,42];
	[-7.7034564275444166e-04,43];
	[-7.7062884000513563e-04,44];
	[-4.9179164123439078e-04,45];
	[-5.8964826385786515e-04,46];
	[-6.0496367238076264e-04,47];
	[-7.9598454450348799e-04,48];
	[-2.0802184786930614e-04,50];
	[-8.8823681437880087e-04,51];
	[-1.5679039880752824e-03,52];
	[-1.0631740079214093e-03,54];
	[-1.7911509374250503e-04,55];
	[-5.8874109904999763e-04,56];
	[-4.9305799878964743e-04,57];
	[-4.6854579699031224e-04,58];
	[-8.0614949178423251e-04,59];
	[-2.1696208677927306e-03,60];
	[-2.1696325236308547e-03,61];
	[-1.0681123487352156e-03,66];
	[-9.2596370253932378e-05,67];
	[-5.6889402695562514e-04,68];
	[-1.0752504375727231e-03,69];
	[-3.4540259511096433e-04,70];
	[-4.6212149892561232e-04,71];
	[-5.2620634642699384e-04,72];
	[-7.9843581025601182e-04,73];
	[-6.3573502368586101e-04,74];
	[-4.7485364631380669e-04,75];
	[-4.2630092774080785e-04,76];
	[-7.0288404746712938e-04,77];
	[-6.5457039868182479e-04,78];
	[-5.3759299715404069e-04,79];
	[-5.0062712912681711e-04,80];
	[-5.4017900383105636e-04,81];
	[-4.8433260482005902e-04,82];
	[-8.4940838225791744e-04,83];
	[-5.8166135098270397e-04,84];
	[-8.6114885787495809e-04,85];
	[-6.8667796953463661e-04,86];
	[-3.9744583809403304e-05,87];
	[-8.7454963797733754e-05,88];
	[-1.3133537303338522e-03,89];
	[-7.1084432469352052e-04,90];
	[-5.3020862737445426e-04,91];
	[-7.4547691376357220e-04,92];
	[-3.4668349571142766e-04,93];
	[-6.3186670818757968e-04,94];
	[-6.0805645993833454e-04,95];
	[-4.4642294624665555e-04,96];
	[-6.2483417631047815e-04,97];
	[-6.5178426038718282e-04,98];
	[-8.3275099742163145e-04,99];
	[-5.5551062700930076e-04,100];
	[-4.6216776097048507e-04,101];
];

%SVM 1 of 16
numsv1=96;
b1=-5.9722896718931106e-06;
alphas1=[
	[-5.1801953476925729e-04,0];
	[-9.5616471608598924e-04,1];
	[-7.2530829865169292e-04,2];
	[-4.4556120125543303e-04,3];
	[-5.1965496539738425e-04,4];
	[-4.3519970091548921e-04,5];
	[-5.0097585077103204e-04,6];
	[-6.4497921420598135e-04,7];
	[-6.2062722629575417e-04,8];
	[-4.9652099560662803e-04,9];
	[-5.0240139918764190e-04,10];
	[-8.2730846587052175e-04,11];
	[+1.3484689807361656e-02,12];
	[+9.1152904152919881e-03,13];
	[+2.5569516263883466e-03,14];
	[+7.2340312357625659e-03,15];
	[+6.9131502352429925e-03,16];
	[+1.8854215664212325e-02,17];
	[-4.4202544415581464e-04,18];
	[-9.6525794560556224e-04,19];
	[-4.7983364272611906e-04,20];
	[-9.5770734514176383e-04,21];
	[-4.7877560949527101e-04,22];
	[-2.9975487123821461e-04,23];
	[-6.7592808491759282e-04,24];
	[-5.6594465997457496e-04,25];
	[-7.2864657881295547e-04,26];
	[-4.6672877253613816e-04,27];
	[-6.9544638665350431e-04,28];
	[-4.7308375170839145e-04,29];
	[-7.0472813401591670e-04,30];
	[-8.5603148734098467e-04,31];
	[-4.8469431141318027e-04,32];
	[-4.8409027589915103e-04,33];
	[-5.4840957552916385e-04,34];
	[-3.3148057582690953e-04,35];
	[-6.7946953179999839e-04,36];
	[-6.7973932598975456e-04,37];
	[-5.5801061303436541e-04,38];
	[-5.5798665042380120e-04,39];
	[-5.5776685598219161e-04,40];
	[-5.5834326779904129e-04,41];
	[-3.2026105052859337e-04,42];
	[-7.7629791824880079e-04,43];
	[-7.7637532217492134e-04,44];
	[-4.9781093972980992e-04,45];
	[-5.9573776917626721e-04,46];
	[-6.0992482862130446e-04,47];
	[-8.0228381649604286e-04,48];
	[-2.1657258835676747e-04,50];
	[-8.9485483900767534e-04,51];
	[-1.5782899341442488e-03,52];
	[-1.0696095918082372e-03,54];
	[-1.8516886182564453e-04,55];
	[-5.9434730825633220e-04,56];
	[-4.9872576849701201e-04,57];
	[-4.7340366102152615e-04,58];
	[-8.1200661151879740e-04,59];
	[-2.1870882273499824e-03,60];
	[-2.1870646486050515e-03,61];
	[-1.0738251178868208e-03,66];
	[-9.8385505951900561e-05,67];
	[-5.7437178879151123e-04,68];
	[-1.0813348381692291e-03,69];
	[-3.5170676488997853e-04,70];
	[-4.6737930852957697e-04,71];
	[-5.3181201405976431e-04,72];
	[-8.0397194995503803e-04,73];
	[-6.4178962346745283e-04,74];
	[-4.8026516122323746e-04,75];
	[-4.3216875458882038e-04,76];
	[-7.0840735001867895e-04,77];
	[-6.6000328917233835e-04,78];
	[-5.4255186849183330e-04,79];
	[-5.0698815928916811e-04,80];
	[-5.4535189916033984e-04,81];
	[-4.9001126958043441e-04,82];
	[-8.5603021498609536e-04,83];
	[-5.8777372482000424e-04,84];
	[-8.6686707574940003e-04,85];
	[-6.9295665569229007e-04,86];
	[-4.5285687588823434e-05,87];
	[-9.2852817388369214e-05,88];
	[-1.3185291442507341e-03,89];
	[-7.1622166233727830e-04,90];
	[-5.3554171050481205e-04,91];
	[-7.5191499472740506e-04,92];
	[-3.5268175763650500e-04,93];
	[-6.3746288028967014e-04,94];
	[-6.1358236496554162e-04,95];
	[-4.5169933487037070e-04,96];
	[-6.2986296051369887e-04,97];
	[-6.5794677160094131e-04,98];
	[-8.3886334064548385e-04,99];
	[-5.6147280643903917e-04,100];
	[-4.6800175329900559e-04,101];
];

%SVM 2 of 16
numsv2=96;
b2=-1.1684500003395274e-05;
alphas2=[
	[-5.1714086644969023e-04,0];
	[-9.5529649697328816e-04,1];
	[-7.2395441696613161e-04,2];
	[-4.4429334770370189e-04,3];
	[-5.1894355157312182e-04,4];
	[-4.3485052754555024e-04,5];
	[-5.0047810326949013e-04,6];
	[-6.4414370538365775e-04,7];
	[-6.1926731163185092e-04,8];
	[-4.9546320488475144e-04,9];
	[-5.0183563575257543e-04,10];
	[-8.2637361260560159e-04,11];
	[-8.4082080069273243e-04,12];
	[-5.6821086723572668e-04,13];
	[-1.5763992782763357e-04,14];
	[-4.5060037676076582e-04,15];
	[-4.3004692330037654e-04,16];
	[-1.1763172190700764e-03,17];
	[+7.0810529307902253e-03,18];
	[+1.5464903398566102e-02,19];
	[+7.6953562492754228e-03,20];
	[+1.5340257345118350e-02,21];
	[+7.6754130333057807e-03,22];
	[+4.8166973220035124e-03,23];
	[-6.7521865309318598e-04,24];
	[-5.6501372904072433e-04,25];
	[-7.2730658838609651e-04,26];
	[-4.6580626862931549e-04,27];
	[-6.9461385041930893e-04,28];
	[-4.7253293451110398e-04,29];
	[-7.0368348251079258e-04,30];
	[-8.5543073747954121e-04,31];
	[-4.8380719051640137e-04,32];
	[-4.8360210367791675e-04,33];
	[-5.4733029342258371e-04,34];
	[-3.3045331201177772e-04,35];
	[-6.7873216737078805e-04,36];
	[-6.7844038383586022e-04,37];
	[-5.5696099068001546e-04,38];
	[-5.5733619294159593e-04,39];
	[-5.5726781868530441e-04,40];
	[-5.5726781868529693e-04,41];
	[-3.1977313444839402e-04,42];
	[-7.7547324530979705e-04,43];
	[-7.7548367734729771e-04,44];
	[-4.9662390511628126e-04,45];
	[-5.9417354817609624e-04,46];
	[-6.0957018900209569e-04,47];
	[-8.0117227222064550e-04,48];
	[-2.1531761352385664e-04,50];
	[-8.9392306622259124e-04,51];
	[-1.5764827768244881e-03,52];
	[-1.0683239419145749e-03,54];
	[-1.8392418193841930e-04,55];
	[-5.9299099561472917e-04,56];
	[-4.9850891145412132e-04,57];
	[-4.7279450432101443e-04,58];
	[-8.1134186059813424e-04,59];
	[-2.1844562343407126e-03,60];
	[-2.1844837762971143e-03,61];
	[-1.0734285458698543e-03,66];
	[-9.6713631520682381e-05,67];
	[-5.7395706299999145e-04,68];
	[-1.0805390013151983e-03,69];
	[-3.5062889975924797e-04,70];
	[-4.6655246800283301e-04,71];
	[-5.3111520120634420e-04,72];
	[-8.0335930929052539e-04,73];
	[-6.4125507433024560e-04,74];
	[-4.7962787295420550e-04,75];
	[-4.3080421070215686e-04,76];
	[-7.0715432741910516e-04,77];
	[-6.5919998179341953e-04,78];
	[-5.4227725434405349e-04,79];
	[-5.0537369594797334e-04,80];
	[-5.4467395005238406e-04,81];
	[-4.8935425090403236e-04,82];
	[-8.5475809117574041e-04,83];
	[-5.8661602573775306e-04,84];
	[-8.6607875006086622e-04,85];
	[-6.9204749589973544e-04,86];
	[-4.4180637165223612e-05,87];
	[-9.1902322937602199e-05,88];
	[-1.3180231988762035e-03,89];
	[-7.1548236419144732e-04,90];
	[-5.3529648081250558e-04,91];
	[-7.5058913369457512e-04,92];
	[-3.5134002686079311e-04,93];
	[-6.3673540843372752e-04,94];
	[-6.1254205729937140e-04,95];
	[-4.5145011841268742e-04,96];
	[-6.2963498695762479e-04,97];
	[-6.5687870902538740e-04,98];
	[-8.3756014992279076e-04,99];
	[-5.6008483381911594e-04,100];
	[-4.6685000317266736e-04,101];
];

%SVM 3 of 16
numsv3=96;
b3=-2.9648387505947968e-05;
alphas3=[
	[-5.1440369022077059e-04,0];
	[-9.5258791033685892e-04,1];
	[-7.2118101820415790e-04,2];
	[-4.4147762939368703e-04,3];
	[-5.1628664976036880e-04,4];
	[-4.3220012684599615e-04,5];
	[-4.9761203239106989e-04,6];
	[-6.4156604543160421e-04,7];
	[-6.1668209692787828e-04,8];
	[-4.9238278953140746e-04,9];
	[-4.9905011123446274e-04,10];
	[-8.2363375599015670e-04,11];
	[-8.3799638473980255e-04,12];
	[-5.6494050993507702e-04,13];
	[-1.5556111574111656e-04,14];
	[-4.4728774699769627e-04,15];
	[-4.2760640393607288e-04,16];
	[-1.1735809191872441e-03,17];
	[-4.3793514923658590e-04,18];
	[-9.6146980569459172e-04,19];
	[-4.7646502945680351e-04,20];
	[-9.5391641598543237e-04,21];
	[-4.7513186811104762e-04,22];
	[-2.9652837597072998e-04,23];
	[+1.0837300183935637e-02,24];
	[+9.0770368477495478e-03,25];
	[+1.1670997690567144e-02,26];
	[+7.4815561678748116e-03,27];
	[+1.1150063271638769e-02,28];
	[+7.5922697520370095e-03,29];
	[-7.0135939748568557e-04,30];
	[-8.5246423908943720e-04,31];
	[-4.8102540427794071e-04,32];
	[-4.8098169685195083e-04,33];
	[-5.4491848178059364e-04,34];
	[-3.2779135139103136e-04,35];
	[-6.7576685112185350e-04,36];
	[-6.7590270838128455e-04,37];
	[-5.5447153696304083e-04,38];
	[-5.5447153696302348e-04,39];
	[-5.5431799991411583e-04,40];
	[-5.5443134871406802e-04,41];
	[-3.1677903450854457e-04,42];
	[-7.7275896133223595e-04,43];
	[-7.7275896133220906e-04,44];
	[-4.9398232369448410e-04,45];
	[-5.9176612482488684e-04,46];
	[-6.0657044623117849e-04,47];
	[-7.9828812172392009e-04,48];
	[-2.1127522279946597e-04,50];
	[-8.9040074362203511e-04,51];
	[-1.5715421218830765e-03,52];
	[-1.0653782934322200e-03,54];
	[-1.8125779894928159e-04,55];
	[-5.9031844170466584e-04,56];
	[-4.9557513296769127e-04,57];
	[-4.6997387189882700e-04,58];
	[-8.0872988034309096e-04,59];
	[-2.1756938355320587e-03,60];
	[-2.1761176685992250e-03,61];
	[-1.0704247441408951e-03,66];
	[-9.4333043892051417e-05,67];
	[-5.7095316121962610e-04,68];
	[-1.0775731777520660e-03,69];
	[-3.4768748099282717e-04,70];
	[-4.6390441373546479e-04,71];
	[-5.2798692211377925e-04,72];
	[-8.0048944911316705e-04,73];
	[-6.3846223542409516e-04,74];
	[-4.7649883471138763e-04,75];
	[-4.2851610923205785e-04,76];
	[-7.0473279176365628e-04,77];
	[-6.5672980344620171e-04,78];
	[-5.3937388970039897e-04,79];
	[-5.0273048835691660e-04,80];
	[-5.4183162636330356e-04,81];
	[-4.8665092898530956e-04,82];
	[-8.5172675031396886e-04,83];
	[-5.8376643150180357e-04,84];
	[-8.6354940553345677e-04,85];
	[-6.8885264733000513e-04,86];
	[-4.1535615657885486e-05,87];
	[-8.9715561704817442e-05,88];
	[-1.3149474712860476e-03,89];
	[-7.1294373899458867e-04,90];
	[-5.3244719371897686e-04,91];
	[-7.4771885505321961e-04,92];
	[-3.4843026423068431e-04,93];
	[-6.3408868173751019e-04,94];
	[-6.0984541826172617e-04,95];
	[-4.4889725494582868e-04,96];
	[-6.2663243913273117e-04,97];
	[-6.5390241798184698e-04,98];
	[-8.3463158698189350e-04,99];
	[-5.5736311055493723e-04,100];
	[-4.6444523587000860e-04,101];
];

%SVM 4 of 16
numsv4=94;
b4=-2.4397847285042407e-04;
alphas4=[
	[-4.8208803771992038e-04,0];
	[-9.1716571944857976e-04,1];
	[-6.8801939927346260e-04,2];
	[-4.0936707921021890e-04,3];
	[-4.8372481613862602e-04,4];
	[-3.9920118395141949e-04,5];
	[-4.6488556894750419e-04,6];
	[-6.0835669644423453e-04,7];
	[-5.8353593996025540e-04,8];
	[-4.5985667151738252e-04,9];
	[-4.6631270935756138e-04,10];
	[-7.8973005300908019e-04,11];
	[-8.0481529889739778e-04,12];
	[-5.3262310614298782e-04,13];
	[-1.2391379311542023e-04,14];
	[-4.1501067282892463e-04,15];
	[-3.9421132279520126e-04,16];
	[-1.1367255315101518e-03,17];
	[-4.0545180067795453e-04,18];
	[-9.2683534451859983e-04,19];
	[-4.4310368792131602e-04,20];
	[-9.1898560490262038e-04,21];
	[-4.4265357512507711e-04,22];
	[-2.6472611076526758e-04,23];
	[-6.3900678697213385e-04,24];
	[-5.2944803643437707e-04,25];
	[-6.9123544367229596e-04,26];
	[-4.3000415209837778e-04,27];
	[-6.5848654182013684e-04,28];
	[-4.3687980093861495e-04,29];
	[+1.1730881707058813e-02,30];
	[+1.4271586705755821e-02,31];
	[+8.6942156766038562e-03,32];
	[+8.6940045228343608e-03,33];
	[+9.6610611362867218e-03,34];
	[+5.7913609217183073e-03,35];
	[-6.4201623381554378e-04,36];
	[-6.4233771084778752e-04,37];
	[-5.2198571454330060e-04,38];
	[-5.2148734469555005e-04,39];
	[-5.2174522972847864e-04,40];
	[-5.2174522972849556e-04,41];
	[-2.8467712146017601e-04,42];
	[-7.3959475025079887e-04,43];
	[-7.4015429116170014e-04,44];
	[-4.6117983343088110e-04,45];
	[-5.5871089812200084e-04,46];
	[-5.7313927747238845e-04,47];
	[-3.7621993776230868e-03,48];
	[-3.7488357634077253e-03,51];
	[-1.0295406472398700e-03,54];
	[-1.4987258850971045e-04,55];
	[-5.5744814904272282e-04,56];
	[-4.6181874159710996e-04,57];
	[-4.3752050377890406e-04,58];
	[-7.7494245223151215e-04,59];
	[-2.0745571246592077e-03,60];
	[-2.0746013740620449e-03,61];
	[-1.0356117050921974e-03,66];
	[-6.2335635091328477e-05,67];
	[-5.3786459043302375e-04,68];
	[-1.0425711261943958e-03,69];
	[-3.1463784264472547e-04,70];
	[-4.3138722155725901e-04,71];
	[-4.9504604751319061e-04,72];
	[-7.6624889646773693e-04,73];
	[-6.0520131632421301e-04,74];
	[-4.4412674998626643e-04,75];
	[-3.9612721275415980e-04,76];
	[-6.7147756976750636e-04,77];
	[-6.2361927165395428e-04,78];
	[-5.0669595040496169e-04,79];
	[-4.7021659523595674e-04,80];
	[-5.0905631893671452e-04,81];
	[-4.5360880532151600e-04,82];
	[-8.1729843874934951e-04,83];
	[-5.5024179292224992e-04,84];
	[-8.2859445560633086e-04,85];
	[-6.5495426047398636e-04,86];
	[-1.0723903402186431e-05,87];
	[-5.8261765477590206e-05,88];
	[-1.2814013511087470e-03,89];
	[-6.7907848469863795e-04,90];
	[-4.9936919143692355e-04,91];
	[-7.1394293990747852e-04,92];
	[-3.1670854995540594e-04,93];
	[-6.0050101883000963e-04,94];
	[-5.7675387815137177e-04,95];
	[-4.1650454348187988e-04,96];
	[-5.9384682134198529e-04,97];
	[-6.2085258759936529e-04,98];
	[-8.0034196018685666e-04,99];
	[-5.2418752710219464e-04,100];
	[-4.3122197377253128e-04,101];
];

%SVM 5 of 16
numsv5=96;
b5=-4.4439337925253331e-05;
alphas5=[
	[-5.1258807747989817e-04,0];
	[-9.5039007634104835e-04,1];
	[-7.1873319854829233e-04,2];
	[-4.3873693130485648e-04,3];
	[-5.1421175685378308e-04,4];
	[-4.2965042679965400e-04,5];
	[-4.9519774887520508e-04,6];
	[-6.3914105330359556e-04,7];
	[-6.1454836516946652e-04,8];
	[-4.9025810349438833e-04,9];
	[-4.9650634947882898e-04,10];
	[-8.2155048405557882e-04,11];
	[-8.3569944239252482e-04,12];
	[-5.6345675035012464e-04,13];
	[-1.5284087841609326e-04,14];
	[-4.4587700392546272e-04,15];
	[-4.2462424926809170e-04,16];
	[-1.1706892630669187e-03,17];
	[-4.3589317181927861e-04,18];
	[-9.5915521198139202e-04,19];
	[-4.7416580306237688e-04,20];
	[-9.5135964481477399e-04,21];
	[-4.7280635974700111e-04,22];
	[-2.9424435438936723e-04,23];
	[-6.6983494749622082e-04,24];
	[-5.6032469379587758e-04,25];
	[-7.2220227088658456e-04,26];
	[-4.6074955625729407e-04,27];
	[-6.8945956103254899e-04,28];
	[-4.6758915405210915e-04,29];
	[-6.9849243357951614e-04,30];
	[-8.4995975736412114e-04,31];
	[-4.7916474789691418e-04,32];
	[-4.7916474789693603e-04,33];
	[-5.4285634725882194e-04,34];
	[-3.2590761407176995e-04,35];
	[+1.0899630614741957e-02,36];
	[+1.0899001380925987e-02,37];
	[+8.9520236527537243e-03,38];
	[+8.9519688812052384e-03,39];
	[+8.9521628458602946e-03,40];
	[+8.9506892877228798e-03,41];
	[-3.1458259196502842e-04,42];
	[-7.7030573708170545e-04,43];
	[-7.7075721602171045e-04,44];
	[-4.9178291330300664e-04,45];
	[-5.8917848335280287e-04,46];
	[-6.0441876620006012e-04,47];
	[-7.9572230845997198e-04,48];
	[-2.0758762125212119e-04,50];
	[-8.8786490333857000e-04,51];
	[-1.5675744393434815e-03,52];
	[-1.0629222786877090e-03,54];
	[-1.7898802580915718e-04,55];
	[-5.8843842018922038e-04,56];
	[-4.9313639848272428e-04,57];
	[-4.6778087027322842e-04,58];
	[-8.0605311497294863e-04,59];
	[-2.1689530556497469e-03,60];
	[-2.1687648160773798e-03,61];
	[-1.0556018517656998e-03,66];
	[-8.4393695199177173e-05,67];
	[-5.5809754683993924e-04,68];
	[-1.0935748472008316e-03,69];
	[-3.5630016542072756e-04,70];
	[-4.7832312657116323e-04,71];
	[-5.2604926385531607e-04,72];
	[-7.9826914037399313e-04,73];
	[-6.3555960773279145e-04,74];
	[-4.7457550895861763e-04,75];
	[-4.2653196987669351e-04,76];
	[-7.0201097007263342e-04,77];
	[-6.5465846798940712e-04,78];
	[-5.3727501938085395e-04,79];
	[-5.0043750124732214e-04,80];
	[-5.3986629663592596e-04,81];
	[-4.8390579141576172e-04,82];
	[-8.4919029411577947e-04,83];
	[-5.8141527641457737e-04,84];
	[-8.6108920041368120e-04,85];
	[-6.8669629233186844e-04,86];
	[-3.9409598933152594e-05,87];
	[-8.7293381273759098e-05,88];
	[-1.3126667871518614e-03,89];
	[-7.1063008778042471e-04,90];
	[-5.2967111804740497e-04,91];
	[-7.4509137808858835e-04,92];
	[-3.4687910769200079e-04,93];
	[-6.3193252675997405e-04,94];
	[-6.0753675085864186e-04,95];
	[-4.4675412294672393e-04,96];
	[-6.2467592130649745e-04,97];
	[-6.5194000950233939e-04,98];
	[-8.3216675603698124e-04,99];
	[-5.5497323236319558e-04,100];
	[-4.6163089159377237e-04,101];
];

%SVM 6 of 16
numsv6=96;
b6=-5.7845829467940079e-05;
alphas6=[
	[-5.0994915132311831e-04,0];
	[-9.4808415255762145e-04,1];
	[-7.1633625119248254e-04,2];
	[-4.3754027439390998e-04,3];
	[-5.1202813469570748e-04,4];
	[-4.2796231682595186e-04,5];
	[-4.9307263704841478e-04,6];
	[-6.3715954423027119e-04,7];
	[-6.1203706865187591e-04,8];
	[-4.8875154944495313e-04,9];
	[-4.9470007692566965e-04,10];
	[-8.1907215415667463e-04,11];
	[-8.3350123246993171e-04,12];
	[-5.6085554453915451e-04,13];
	[-1.5152318136861108e-04,14];
	[-4.4297964488990371e-04,15];
	[-4.2338263811596033e-04,16];
	[-1.1683428381118952e-03,17];
	[-4.3391507869544349e-04,18];
	[-9.5689555654295759e-04,19];
	[-4.7207933602991237e-04,20];
	[-9.4927311002318895e-04,21];
	[-4.7071170818145880e-04,22];
	[-2.9221668483379670e-04,23];
	[-6.6799602045026325e-04,24];
	[-5.5795434192983551e-04,25];
	[-7.2003174458526898e-04,26];
	[-4.5826963293917142e-04,27];
	[-6.8782585736925489e-04,28];
	[-4.6553395408393286e-04,29];
	[-6.9689059371824420e-04,30];
	[-8.4840635388744908e-04,31];
	[-4.7675940069243116e-04,32];
	[-4.7703349269218325e-04,33];
	[-5.4110965055901693e-04,34];
	[-3.2367475064098804e-04,35];
	[-6.7127822038302312e-04,36];
	[-6.7129278787289744e-04,37];
	[-5.5002836160579147e-04,38];
	[-5.5037254116897219e-04,39];
	[-5.5037254116899247e-04,40];
	[-5.5000238740138003e-04,41];
	[+5.0932263276978421e-03,42];
	[+1.3118160003004380e-02,43];
	[+1.3120402942128429e-02,44];
	[+7.8648037722649274e-03,45];
	[+9.3793941344264223e-03,46];
	[+9.5984133050689702e-03,47];
	[-7.9320725348381996e-04,48];
	[-2.0467899769856856e-04,50];
	[-8.8574846438636324e-04,51];
	[-1.5635797491158538e-03,52];
	[-1.0604486113634437e-03,54];
	[-1.7717358268403498e-04,55];
	[-5.8594953547795928e-04,56];
	[-4.9079717585326062e-04,57];
	[-4.6633920529777712e-04,58];
	[-8.0412679403610765e-04,59];
	[-2.1626185048349627e-03,60];
	[-2.1625014494361340e-03,61];
	[-1.0654961553151156e-03,66];
	[-9.0306110930928030e-05,67];
	[-5.6671985146588991e-04,68];
	[-1.0728743423348086e-03,69];
	[-3.4340230383974208e-04,70];
	[-4.5964112859233426e-04,71];
	[-5.2390524615830226e-04,72];
	[-7.9577831216040649e-04,73];
	[-6.3383916256499952e-04,74];
	[-4.7218238738159119e-04,75];
	[-4.2456283462350791e-04,76];
	[-7.0026602552481193e-04,77];
	[-6.5223110276304316e-04,78];
	[-5.3505156630872901e-04,79];
	[-4.9908047755476955e-04,80];
	[-5.3727411171209175e-04,81];
	[-4.8233727609813128e-04,82];
	[-8.4690255824839376e-04,83];
	[-3.3179861706000326e-04,84];
	[-6.4484538793587723e-04,85];
	[-5.2856934952686188e-04,86];
	[-3.0962042092289472e-04,87];
	[-1.6194545276676297e-04,88];
	[-2.3601901067824651e-03,89];
	[-7.0817640070378290e-04,90];
	[-5.2792803661459926e-04,91];
	[-7.4326720968898626e-04,92];
	[-3.4450074148626299e-04,93];
	[-6.2955255805578704e-04,94];
	[-6.0578469076369792e-04,95];
	[-4.4451891419179283e-04,96];
	[-6.2262032803194834e-04,97];
	[-6.4936134956828924e-04,98];
	[-8.3039556124489425e-04,99];
	[-5.5288795342995180e-04,100];
	[-4.6006045964021200e-04,101];
];

%SVM 7 of 16
numsv7=96;
b7=-1.3225199846397557e-04;
alphas7=[
	[-4.9898420939630298e-04,0];
	[-9.3571325445216010e-04,1];
	[-7.0516199783786176e-04,2];
	[-4.2598896835323497e-04,3];
	[-5.0062259538391398e-04,4];
	[-4.1640324552888447e-04,5];
	[-4.8186340516598558e-04,6];
	[-6.2546982425288591e-04,7];
	[-6.0078061046332657e-04,8];
	[-4.7678013440604933e-04,9];
	[-4.8343426738990506e-04,10];
	[-8.0762798509383452e-04,11];
	[-8.2178299039488846e-04,12];
	[-5.4939593112575641e-04,13];
	[-1.4000303204331812e-04,14];
	[-4.3194005481634858e-04,15];
	[-4.1189236080449725e-04,16];
	[-1.1563335140210974e-03,17];
	[-4.2244476602882643e-04,18];
	[-9.4506397430967276e-04,19];
	[-4.6033317831538535e-04,20];
	[-9.3723353779641091e-04,21];
	[-4.5958133688864359e-04,22];
	[-2.8113800751277713e-04,23];
	[-6.5674172554972367e-04,24];
	[-5.4664655677104780e-04,25];
	[-7.0837590989229814e-04,26];
	[-4.4701504990436134e-04,27];
	[-6.7593521001564399e-04,28];
	[-4.5388777831572306e-04,29];
	[-1.0900709030995089e-03,30];
	[-1.3561917206210692e-03,31];
	[-1.3613777514636762e-03,32];
	[-1.3617069106596673e-03,33];
	[-1.3707694138858563e-03,34];
	[-7.5346628650486524e-04,35];
	[-6.6007061507121479e-04,36];
	[-6.5995095898531116e-04,37];
	[-5.3833967519014390e-04,38];
	[-5.3896692324465769e-04,39];
	[-5.3887235068904153e-04,40];
	[-5.3833967519006888e-04,41];
	[-3.0157133642824170e-04,42];
	[-7.5688784366515708e-04,43];
	[-7.5687762998677367e-04,44];
	[-4.7845525923087383e-04,45];
	[-5.7588765835538689e-04,46];
	[-5.9051262104777252e-04,47];
	[+1.5879834023955909e-02,48];
	[+3.3536489528991141e-03,50];
	[+1.7255212464151164e-02,51];
	[+2.3804407927517264e-02,52];
	[-1.0484018833820435e-03,54];
	[-1.6604660365468848e-04,55];
	[-5.7467230346248401e-04,56];
	[-4.7925212270716349e-04,57];
	[-4.5443232146824650e-04,58];
	[-7.9258142729384418e-04,59];
	[-2.1272965293754119e-03,60];
	[-2.1273227095675550e-03,61];
	[-1.0534453331993597e-03,66];
	[-7.9183021193171516e-05,67];
	[-5.5501551972386872e-04,68];
	[-1.0605473097166735e-03,69];
	[-3.3233027645871403e-04,70];
	[-4.4815038527954809e-04,71];
	[-5.1242991036031991e-04,72];
	[-7.8424423268464783e-04,73];
	[-6.2241109335492266e-04,74];
	[-4.6085332900511368e-04,75];
	[-4.1284140773597275e-04,76];
	[-6.8875805475738020e-04,77];
	[-6.4055955276446849e-04,78];
	[-5.2355275498065139e-04,79];
	[-4.8711506078093843e-04,80];
	[-5.2629339974339859e-04,81];
	[-4.7085539084403493e-04,82];
	[-8.3554754102735547e-04,83];
	[-5.6760396280899287e-04,84];
	[-8.4703799369090097e-04,85];
	[-6.7239544475132008e-04,86];
	[-2.6953269761553645e-05,87];
	[-7.4401844115375398e-05,88];
	[-1.2990796394014312e-03,89];
	[-6.9632136636889113e-04,90];
	[-5.1667537537726255e-04,91];
	[-7.3173520169413434e-04,92];
	[-3.3327290112744704e-04,93];
	[-6.1796432301012866e-04,94];
	[-5.9424242593361328e-04,95];
	[-4.3299314970137294e-04,96];
	[-6.1096109356812561e-04,97];
	[-6.3808782238020340e-04,98];
	[-8.1842706639360322e-04,99];
	[-5.4163620485525306e-04,100];
	[-4.4853586197579403e-04,101];
];

%SVM 8 of 16
numsv8=96;
b8=-1.5447336699541867e-06;
alphas8=[
	[-5.1851153083570247e-04,0];
	[-9.5721665252248287e-04,1];
	[-7.2529811378249382e-04,2];
	[-4.4599559856335527e-04,3];
	[-5.2058088566370576e-04,4];
	[-4.3642205246196219e-04,5];
	[-5.0164224190923435e-04,6];
	[-6.4620192365848585e-04,7];
	[-6.2089473657506991e-04,8];
	[-4.9719081779523399e-04,9];
	[-5.0312695186148580e-04,10];
	[-8.2784747103743068e-04,11];
	[-8.4213547453327123e-04,12];
	[-5.6929369545813499e-04,13];
	[-1.5988647783341480e-04,14];
	[-4.5201683568641646e-04,15];
	[-4.3149115790030947e-04,16];
	[-1.1782957650937056e-03,17];
	[-4.4220215507198817e-04,18];
	[-9.6622421224909852e-04,19];
	[-4.8066002604518478e-04,20];
	[-9.5828135267559051e-04,21];
	[-4.7930514043112682e-04,22];
	[-3.0071652800027363e-04,23];
	[-6.7707496790597895e-04,24];
	[-5.6665121866672377e-04,25];
	[-7.2881715768902155e-04,26];
	[-4.6698382070105326e-04,27];
	[-6.9627783237024210e-04,28];
	[-4.7414461501781268e-04,29];
	[-7.0514450383675606e-04,30];
	[-8.5682836147029653e-04,31];
	[-4.8534762174325011e-04,32];
	[-4.8534762174338525e-04,33];
	[-5.4866437906235088e-04,34];
	[-3.3183570497969018e-04,35];
	[-6.8018624785274033e-04,36];
	[-6.8030440669042413e-04,37];
	[-5.5873609072291355e-04,38];
	[-5.5878231622581210e-04,39];
	[-5.5873609072289350e-04,40];
	[-5.5858261140960303e-04,41];
	[-3.2096963712272534e-04,42];
	[-7.7721800323170525e-04,43];
	[-7.7682355424062383e-04,44];
	[-4.9822633651092768e-04,45];
	[-5.9639197201184215e-04,46];
	[-6.1077599920707801e-04,47];
	[-8.0342271323415981e-04,48];
	[-2.1724976233023109e-04,50];
	[-8.9538748997024557e-04,51];
	[-1.5797005312844685e-03,52];
	[+1.7132163903027658e-02,54];
	[+2.9708855777015332e-03,55];
	[+9.5197857847344660e-03,56];
	[+7.9985432525121105e-03,57];
	[+7.5934745279740232e-03,58];
	[+1.3010022897487841e-02,59];
	[-2.1891379571951012e-03,60];
	[-2.1891939142013469e-03,61];
	[-1.0749364520024991e-03,66];
	[-9.8256578035603380e-05,67];
	[-5.7535634999394752e-04,68];
	[-1.0820002384696490e-03,69];
	[-3.5197936702052426e-04,70];
	[-4.6857387161272526e-04,71];
	[-5.3222464771504933e-04,72];
	[-8.0645420740646284e-04,73];
	[-6.4313022109264550e-04,74];
	[-4.8146972177129317e-04,75];
	[-4.3305160040785467e-04,76];
	[-7.0810446419721526e-04,77];
	[-6.6119087384746409e-04,78];
	[-5.4364967530836045e-04,79];
	[-5.0720528985773476e-04,80];
	[-5.4627177496217589e-04,81];
	[-4.9072157901923616e-04,82];
	[-8.5601374998765551e-04,83];
	[-5.8800281385804163e-04,84];
	[-8.6782112330535796e-04,85];
	[-6.9360494963835537e-04,86];
	[-4.5572284819290267e-05,87];
	[-9.3681171391375349e-05,88];
	[-1.3195430553204492e-03,89];
	[-7.1697645506975990e-04,90];
	[-5.3650872525845474e-04,91];
	[-7.5229095114341573e-04,92];
	[-3.5297746354071881e-04,93];
	[-6.3817756564669775e-04,94];
	[-6.1451870775045545e-04,95];
	[-4.5288090099150798e-04,96];
	[-6.3111387252028854e-04,97];
	[-6.5832374095698050e-04,98];
	[-8.3915181928123444e-04,99];
	[-5.6187650618533583e-04,100];
	[-4.6842667072520067e-04,101];
];

%SVM 9 of 16
numsv9=96;
b9=+7.5376749704714684e-04;
alphas9=[
	[-6.3378250855334326e-04,0];
	[-1.0792332173579706e-03,1];
	[-8.4363561424663698e-04,2];
	[-5.6028836941075062e-04,3];
	[-6.3553825582485875e-04,4];
	[-5.5084472473681092e-04,5];
	[-6.1690262013715193e-04,6];
	[-7.6243038379105268e-04,7];
	[-7.3718558151518628e-04,8];
	[-6.1237521465354967e-04,9];
	[-6.1837264001236153e-04,10];
	[-9.4793660739543280e-04,11];
	[-9.6107867973688058e-04,12];
	[-6.8424298823207912e-04,13];
	[-2.7090322311639766e-04,14];
	[-5.6594076823925923e-04,15];
	[-5.4883257962034875e-04,16];
	[-1.3059911342128425e-03,17];
	[-5.5622078469953675e-04,18];
	[-1.0888243634173261e-03,19];
	[-5.9764870910731626e-04,20];
	[-1.0807375147077929e-03,21];
	[-5.9386735071797992e-04,22];
	[-4.1360939436829632e-04,23];
	[-7.9460714538931627e-04,24];
	[-6.8303344388678431e-04,25];
	[-8.4733926475924753e-04,26];
	[-5.8223658067618430e-04,27];
	[-8.1431402110298731e-04,28];
	[-5.8912700559503404e-04,29];
	[-8.2161247991691252e-04,30];
	[-9.7443324270073887e-04,31];
	[-5.9154908551204929e-04,32];
	[-5.9107140259703078e-04,33];
	[-6.5626060681608727e-04,34];
	[-4.4187638274169577e-04,35];
	[-7.9734784561913408e-04,36];
	[-7.9752585195208038e-04,37];
	[-6.7484476944915507e-04,38];
	[-6.7432933286989375e-04,39];
	[-6.7478674362546050e-04,40];
	[-6.7478674362545345e-04,41];
	[-4.3438962727318097e-04,42];
	[-8.9273030710264984e-04,43];
	[-8.9282947696002208e-04,44];
	[-6.1432729415414908e-04,45];
	[-7.1307848611486930e-04,46];
	[-7.2826643135873365e-04,47];
	[-9.3548315629946748e-04,48];
	[-3.8996301456580365e-04,50];
	[-1.0311804494383923e-03,51];
	[-1.7919190754703152e-03,52];
	[-1.1966763461458824e-03,54];
	[-2.9733987582334352e-04,55];
	[-7.1103468318960052e-04,56];
	[-6.1719916609172178e-04,57];
	[-5.8888358535691171e-04,58];
	[-9.3118888498894303e-04,59];
	[+3.4682210096777119e-02,60];
	[+3.4682283347850340e-02,61];
	[-1.1980588475413024e-03,66];
	[-2.1050473985530262e-04,67];
	[-6.9277079517848902e-04,68];
	[-1.2061767580283393e-03,69];
	[-4.6643136016054235e-04,70];
	[-5.8421013618572550e-04,71];
	[-6.4832021237753328e-04,72];
	[-9.2414701129040389e-04,73];
	[-7.5930790842146704e-04,74];
	[-5.9593140279135600e-04,75];
	[-5.4748958392763516e-04,76];
	[-8.2681916440004958e-04,77];
	[-7.7779695179534217e-04,78];
	[-6.5953480397977677e-04,79];
	[-6.2257487375419745e-04,80];
	[-6.6173097775148624e-04,81];
	[-6.0626298764927962e-04,82];
	[-9.7703176628969441e-04,83];
	[-7.0526162365898686e-04,84];
	[-9.9038096168405174e-04,85];
	[-8.1444265628473930e-04,86];
	[-1.5383596909868163e-04,87];
	[-2.0357974141317460e-04,88];
	[-1.4388543481139617e-03,89];
	[-8.3534119578245933e-04,90];
	[-6.5213828808235997e-04,91];
	[-8.7116874303131233e-04,92];
	[-4.6691066660500596e-04,93];
	[-7.5541857859047316e-04,94];
	[-7.3144672167220069e-04,95];
	[-5.6782571318526962e-04,96];
	[-7.4774309195021257e-04,97];
	[-7.7610217096675039e-04,98];
	[-9.5978511403084564e-04,99];
	[-6.7810434045326932e-04,100];
	[-5.8329070461823928e-04,101];
];

%SVM 10 of 16
numsv10=96;
b10=+1.2410377455682891e-05;
alphas10=[
	[-5.2105302938491979e-04,0];
	[-9.5939316915845505e-04,1];
	[-7.2758615987465974e-04,2];
	[-4.4813066257868959e-04,3];
	[-5.2225879375858311e-04,4];
	[-4.3858327685839335e-04,5];
	[-5.0391861594364451e-04,6];
	[-6.4803539029068978e-04,7];
	[-6.2308644929509702e-04,8];
	[-4.9896057329208070e-04,9];
	[-5.0543342415706137e-04,10];
	[-8.3026656387195019e-04,11];
	[-8.4470205367447580e-04,12];
	[-5.7171399118203148e-04,13];
	[-1.6140851551411692e-04,14];
	[-4.5392761249138158e-04,15];
	[-4.3396435890789896e-04,16];
	[-1.1805010487496402e-03,17];
	[-4.4424473560414042e-04,18];
	[-9.6841740394566864e-04,19];
	[-4.8290405780185373e-04,20];
	[-9.6072949965977765e-04,21];
	[-4.8141184925705905e-04,22];
	[-3.0267611854063156e-04,23];
	[-6.7911066913305259e-04,24];
	[-5.6892404514518561e-04,25];
	[-7.3113750887875725e-04,26];
	[-4.6918520066064988e-04,27];
	[-6.9848188678473813e-04,28];
	[-4.7603463776362356e-04,29];
	[-7.0741259789635648e-04,30];
	[-8.5899636554990534e-04,31];
	[-4.8699749660302961e-04,32];
	[-4.8690393778392821e-04,33];
	[-5.5100425423403173e-04,34];
	[-3.3420264521589950e-04,35];
	[-6.8918305364104268e-04,36];
	[-6.8898586675300913e-04,37];
	[-5.6140932658524649e-04,38];
	[-5.6139612936631814e-04,39];
	[-5.6139797670952635e-04,40];
	[-5.6139797670949729e-04,41];
	[-3.2315020574473160e-04,42];
	[-7.7874594433454747e-04,43];
	[-7.7892314517982622e-04,44];
	[-5.0093115838383722e-04,45];
	[-5.9835910297343915e-04,46];
	[-6.1318432129881906e-04,47];
	[-8.0566444822062640e-04,48];
	[-2.2072687447142762e-04,50];
	[-8.9818939784181914e-04,51];
	[-1.5832792436473485e-03,52];
	[-1.0726852124676267e-03,54];
	[-1.8742723182787660e-04,55];
	[-5.9698923141531652e-04,56];
	[-5.0193123848029026e-04,57];
	[-4.7660975880991059e-04,58];
	[-8.1480262298218949e-04,59];
	[-2.1958921713112985e-03,60];
	[-2.1957207206748015e-03,61];
	[+1.7188119103805476e-02,66];
	[+1.5705004601892527e-03,67];
	[+9.1965186040591489e-03,68];
	[+1.7335092825384944e-02,69];
	[+5.6430045249102603e-03,70];
	[+7.5121230464131293e-03,71];
	[-5.3475900127324637e-04,72];
	[-8.0691960064713610e-04,73];
	[-6.4500420157446916e-04,74];
	[-4.8292893206116841e-04,75];
	[-4.3451908051593563e-04,76];
	[-7.1147676650261111e-04,77];
	[-6.6325919990040984e-04,78];
	[-5.4572424342524744e-04,79];
	[-5.0924607799794522e-04,80];
	[-5.4840581588456907e-04,81];
	[-4.9302767462744998e-04,82];
	[-8.5839794566926924e-04,83];
	[-5.9008660288736056e-04,84];
	[-8.7024901235662454e-04,85];
	[-6.9578391971483701e-04,86];
	[-4.7763467280539888e-05,87];
	[-9.5598201228242865e-05,88];
	[-1.3216437096858749e-03,89];
	[-7.1947898279128223e-04,90];
	[-5.3880303543644211e-04,91];
	[-7.5475452273270343e-04,92];
	[-3.5464908432432461e-04,93];
	[-6.4005957414612410e-04,94];
	[-6.1680342800375144e-04,95];
	[-4.5514096320228555e-04,96];
	[-6.3314667983740839e-04,97];
	[-6.6058937791221622e-04,98];
	[-8.4153459391933506e-04,99];
	[-5.6395297165210648e-04,100];
	[-4.7056056084319558e-04,101];
];

%SVM 11 of 16
numsv11=96;
b11=-3.6989096144435425e-05;
alphas11=[
	[-5.1284757472193560e-04,0];
	[-9.5136348310117592e-04,1];
	[-7.2029101679434984e-04,2];
	[-4.4076012979451173e-04,3];
	[-5.1526305372432291e-04,4];
	[-4.3067117955473272e-04,5];
	[-4.9626850331199257e-04,6];
	[-6.4028089757696990e-04,7];
	[-6.1535417981189913e-04,8];
	[-4.9158931742461932e-04,9];
	[-4.9795096021862015e-04,10];
	[-8.2252461272141531e-04,11];
	[-8.3702610927095550e-04,12];
	[-5.6408827914686147e-04,13];
	[-1.5414631310445263e-04,14];
	[-4.4644750068639896e-04,15];
	[-4.2621974831306676e-04,16];
	[-1.1720078909173111e-03,17];
	[-4.3684508663738823e-04,18];
	[-9.6054860437742623e-04,19];
	[-4.7495799936994967e-04,20];
	[-9.5272875153730777e-04,21];
	[-4.7386192854943879e-04,22];
	[-2.9550961832751658e-04,23];
	[-6.7125399217419926e-04,24];
	[-5.6137441413021570e-04,25];
	[-7.2320546316201068e-04,26];
	[-4.6159337244715498e-04,27];
	[-6.9105816626825614e-04,28];
	[-4.6847679213431258e-04,29];
	[-7.0006868877226370e-04,30];
	[-8.5164851446529913e-04,31];
	[-4.7997599821128533e-04,32];
	[-4.7997599821135743e-04,33];
	[-5.4369647623842812e-04,34];
	[-3.2676810707314827e-04,35];
	[-6.7467184569825703e-04,36];
	[-6.7425601026371352e-04,37];
	[-5.5359634945568114e-04,38];
	[-5.5351246172474972e-04,39];
	[-5.5351246172475341e-04,40];
	[-5.5310773482199389e-04,41];
	[-3.1574534179917125e-04,42];
	[-7.7157566124919736e-04,43];
	[-7.7153955683986026e-04,44];
	[-4.9290374998511074e-04,45];
	[-5.9059060570345971e-04,46];
	[-6.0535095919302985e-04,47];
	[-7.9691910214070778e-04,48];
	[-2.0934447376934435e-04,50];
	[-8.8921127986173252e-04,51];
	[-1.5696057063259469e-03,52];
	[-1.0682196413650453e-03,54];
	[-1.7985766013014842e-04,55];
	[-5.8819076669125003e-04,56];
	[-4.9495074678704504e-04,57];
	[-4.6803149086108099e-04,58];
	[-8.0678116386080731e-04,59];
	[-2.1724297488348288e-03,60];
	[-2.1724613990091869e-03,61];
	[-1.0688034505022741e-03,66];
	[-9.3348498897553940e-05,67];
	[-5.6981994193745734e-04,68];
	[-1.0765569374681055e-03,69];
	[-3.4633336476253701e-04,70];
	[-4.6316050519203860e-04,71];
	[+8.5294563369259276e-03,72];
	[+1.2888171682506843e-02,73];
	[+1.0292064545789069e-02,74];
	[+7.7048117936895791e-03,75];
	[+6.9334441891039716e-03,76];
	[+1.1353432034170297e-02,77];
	[-6.5526399616708491e-04,78];
	[-5.3850808890793997e-04,79];
	[-5.0154675459378249e-04,80];
	[-5.4107963956540376e-04,81];
	[-4.8532399180018973e-04,82];
	[-8.5050698915904385e-04,83];
	[-5.8269081103828814e-04,84];
	[-8.6202253411230445e-04,85];
	[-6.8807386400506637e-04,86];
	[-4.0445286440477779e-05,87];
	[-8.8729426590433060e-05,88];
	[-1.3135826234782072e-03,89];
	[-7.1130992471603489e-04,90];
	[-5.3094212175796565e-04,91];
	[-7.4654811899324644e-04,92];
	[-3.4820895772844079e-04,93];
	[-6.3259936671888634e-04,94];
	[-6.0891103135025915e-04,95];
	[-4.4729118229601899e-04,96];
	[-6.2551996399119833e-04,97];
	[-6.5282919658745384e-04,98];
	[-8.3380881715375309e-04,99];
	[-5.5614872371150816e-04,100];
	[-4.6344092832851434e-04,101];
];

%SVM 12 of 16
numsv12=96;
b12=-3.4578906656556533e-05;
alphas12=[
	[-5.1395674257893051e-04,0];
	[-9.5186746452499476e-04,1];
	[-7.2008064321918430e-04,2];
	[-4.4107382941864948e-04,3];
	[-5.1499481075043300e-04,4];
	[-4.3151036311622130e-04,5];
	[-4.9686230804574444e-04,6];
	[-6.4065379789936445e-04,7];
	[-6.1595420397132360e-04,8];
	[-4.9191597489825598e-04,9];
	[-4.9829315387350727e-04,10];
	[-8.2267383685471324e-04,11];
	[-8.3749941461878810e-04,12];
	[-5.6447983843685358e-04,13];
	[-1.5487792727973527e-04,14];
	[-4.4662580888921909e-04,15];
	[-4.2653808896994389e-04,16];
	[-1.1723560096356309e-03,17];
	[-4.3721164930661326e-04,18];
	[-9.6091534144757248e-04,19];
	[-4.7533647369908005e-04,20];
	[-9.5301523183746555e-04,21];
	[-4.7440907231528361e-04,22];
	[-2.9580927411433931e-04,23];
	[-6.7183437516816406e-04,24];
	[-5.6153177551567705e-04,25];
	[-7.2375109370981748e-04,26];
	[-4.6203568055160814e-04,27];
	[-6.9140510107042327e-04,28];
	[-4.6868787976887528e-04,29];
	[-7.0002874405838543e-04,30];
	[-8.5180143224451959e-04,31];
	[-4.8048012348283689e-04,32];
	[-4.8062430831178433e-04,33];
	[-5.4424554684514713e-04,34];
	[-3.2699639016148371e-04,35];
	[-6.7495051487712933e-04,36];
	[-6.7497896988358416e-04,37];
	[-5.5384936722246254e-04,38];
	[-5.5384936722245191e-04,39];
	[-5.5364726789440067e-04,40];
	[-5.5354600540643249e-04,41];
	[-3.1600438980239500e-04,42];
	[-7.7168755267219508e-04,43];
	[-7.7213036015806266e-04,44];
	[-4.9316373756684475e-04,45];
	[-5.9095697496670590e-04,46];
	[-6.0604284539861786e-04,47];
	[-7.9739672703680643e-04,48];
	[-2.0992439627639414e-04,50];
	[-8.9013441288555767e-04,51];
	[-1.5698079080980424e-03,52];
	[-1.0647399464676385e-03,54];
	[-1.8074452012714138e-04,55];
	[-5.8957462844663505e-04,56];
	[-4.9443984535082499e-04,57];
	[-4.6921540030712581e-04,58];
	[-8.0790011068111809e-04,59];
	[-2.1734248746033257e-03,60];
	[-2.1737846564731790e-03,61];
	[-1.0693921982500125e-03,66];
	[-9.3657538655176034e-05,67];
	[-5.7029884427622522e-04,68];
	[-1.0766544528166501e-03,69];
	[-3.4698512342469718e-04,70];
	[-4.6344558016759983e-04,71];
	[-5.2756260072003315e-04,72];
	[-7.9989786715714193e-04,73];
	[-6.3734184481370069e-04,74];
	[-4.7607688576774141e-04,75];
	[-4.2743561568698370e-04,76];
	[-7.0381363415072268e-04,77];
	[+1.0584299668084487e-02,78];
	[+8.7088421038961118e-03,79];
	[+8.1236058549900639e-03,80];
	[+8.7489179042725736e-03,81];
	[+7.8615116233213336e-03,82];
	[+1.3708958489532548e-02,83];
	[-5.8282413445208945e-04,84];
	[-8.6251145990866003e-04,85];
	[-6.8811134305469916e-04,86];
	[-4.0912975568732023e-05,87];
	[-8.9019293526275899e-05,88];
	[-1.3143716433245284e-03,89];
	[-7.1154074306738516e-04,90];
	[-5.3136369877797404e-04,91];
	[-7.4723666696398239e-04,92];
	[-3.4783956087001473e-04,93];
	[-6.3346477875275556e-04,94];
	[-6.0941551887047033e-04,95];
	[-4.4832915262541092e-04,96];
	[-6.2631287129525173e-04,97];
	[-6.5310546204920593e-04,98];
	[-8.3370670340664524e-04,99];
	[-5.5672816095259342e-04,100];
	[-4.6312970698470413e-04,101];
];

%SVM 13 of 16
numsv13=96;
b13=-3.3162371230448229e-05;
alphas13=[
	[-5.1409016163289525e-04,0];
	[-9.5204000594751865e-04,1];
	[-7.2038950211834765e-04,2];
	[-4.4090691740425090e-04,3];
	[-5.1569750947308977e-04,4];
	[-4.3162609614374683e-04,5];
	[-4.9680831079989402e-04,6];
	[-6.4086975897633520e-04,7];
	[-6.1582688947441240e-04,8];
	[-4.9197570761395611e-04,9];
	[-4.9874800434094604e-04,10];
	[-8.2346029406989455e-04,11];
	[-8.3744123977789661e-04,12];
	[-5.6434286766452412e-04,13];
	[-1.5500376905570878e-04,14];
	[-4.4714941158097870e-04,15];
	[-4.2693369972387601e-04,16];
	[-1.1727175544027206e-03,17];
	[-4.3731521043278553e-04,18];
	[-9.6105809316568229e-04,19];
	[-4.7570093900732260e-04,20];
	[-9.5339626735670840e-04,21];
	[-4.7460091832388117e-04,22];
	[-2.9597081464756534e-04,23];
	[-6.7179308273252370e-04,24];
	[-5.6194029262797830e-04,25];
	[-7.2381454542844322e-04,26];
	[-4.6229180881434523e-04,27];
	[-6.9130326261015887e-04,28];
	[-4.6949328413146052e-04,29];
	[-6.9994965531261955e-04,30];
	[-8.5161362169192362e-04,31];
	[-4.8101061386195652e-04,32];
	[-4.8075879691773197e-04,33];
	[-5.4467417917926115e-04,34];
	[-3.2751759284284739e-04,35];
	[-6.7483463682876217e-04,36];
	[-6.7507045935595838e-04,37];
	[-5.5414248452548406e-04,38];
	[-5.5372716262428855e-04,39];
	[-5.5424751269418291e-04,40];
	[-5.5424751269419342e-04,41];
	[-2.5995630490318006e-04,42];
	[-1.4471198946443609e-03,43];
	[-1.4470498328386450e-03,44];
	[-3.7202239339985833e-04,45];
	[-4.2012272946164835e-04,46];
	[-4.1634067144212013e-04,47];
	[-7.9765880922808214e-04,48];
	[-2.1014333106294202e-04,50];
	[-8.8992705775207558e-04,51];
	[-1.5707802931263348e-03,52];
	[-1.0651937141711214e-03,54];
	[-1.8041938980024603e-04,55];
	[-5.8976474120702393e-04,56];
	[-4.9460571084623394e-04,57];
	[-4.6980232407679867e-04,58];
	[-8.0825383131662653e-04,59];
	[-2.1741218955241546e-03,60];
	[-2.1743598846066009e-03,61];
	[-1.0704053257922957e-03,66];
	[-9.3613386054160604e-05,67];
	[-5.7003983844552898e-04,68];
	[-1.0776197806450689e-03,69];
	[-3.4675105348360824e-04,70];
	[-4.6309714766462260e-04,71];
	[-5.2810180806013400e-04,72];
	[-7.9946334981740121e-04,73];
	[-6.3824442488819976e-04,74];
	[-4.7588780364671599e-04,75];
	[-4.2781204610197620e-04,76];
	[-7.0386699863892995e-04,77];
	[-6.5596629043357651e-04,78];
	[-5.3907449961358668e-04,79];
	[-5.0205898719947071e-04,80];
	[-5.4132180339342968e-04,81];
	[-4.8586456559258147e-04,82];
	[-8.5147087238703631e-04,83];
	[+9.1706728540560459e-03,84];
	[+1.3681871467007799e-02,85];
	[+1.0949757273848145e-02,86];
	[+1.0098695280929774e-03,87];
	[+1.5832966201113419e-03,88];
	[+2.2170968382251344e-02,89];
	[-7.1228795634257049e-04,90];
	[-5.3146540421959384e-04,91];
	[-7.4755900976218093e-04,92];
	[-3.4844827013697562e-04,93];
	[-6.3315274999478611e-04,94];
	[-6.0926729607294733e-04,95];
	[-4.4774187469128623e-04,96];
	[-6.2629083013587177e-04,97];
	[-6.5338359246097232e-04,98];
	[-8.3412637547009461e-04,99];
	[-5.5741292534061150e-04,100];
	[-4.6365897269478072e-04,101];
];

%SVM 14 of 16
numsv14=96;
b14=-2.8009274878583229e-05;
alphas14=[
	[-5.1491767510758034e-04,0];
	[-9.5263621666840368e-04,1];
	[-7.2147259808448441e-04,2];
	[-4.4175745141879246e-04,3];
	[-5.1632326296209639e-04,4];
	[-4.3219528792666110e-04,5];
	[-4.9786528031953094e-04,6];
	[-6.4159253245790271e-04,7];
	[-6.1691339957648927e-04,8];
	[-4.9288100036237162e-04,9];
	[-4.9928996923790552e-04,10];
	[-8.2384310389067329e-04,11];
	[-8.3849361758839204e-04,12];
	[-5.6505564300099291e-04,13];
	[-1.5582642284167177e-04,14];
	[-4.4798987280088005e-04,15];
	[-4.2784561390565726e-04,16];
	[-1.1732858475140562e-03,17];
	[-4.3840973677034217e-04,18];
	[-9.6198206180390109e-04,19];
	[-4.7628910870738307e-04,20];
	[-9.5423260285775857e-04,21];
	[-4.7527566955678143e-04,22];
	[-2.9664224552834127e-04,23];
	[-6.7247277579737515e-04,24];
	[-5.6272520364203892e-04,25];
	[-7.2480284565223658e-04,26];
	[-4.6327713802607603e-04,27];
	[-6.9247823755814737e-04,28];
	[-4.6965327088226746e-04,29];
	[-7.0114830394124637e-04,30];
	[-8.5307660764170142e-04,31];
	[-4.8122652679210518e-04,32];
	[-4.8131232350225484e-04,33];
	[-5.4520671461869951e-04,34];
	[-3.2801075401587963e-04,35];
	[-6.7650312933126701e-04,36];
	[-6.7572581195492773e-04,37];
	[-5.5458110549732958e-04,38];
	[-5.5509613956523842e-04,39];
	[-5.5441777761037656e-04,40];
	[-5.5458110549735581e-04,41];
	[-3.1696781263139233e-04,42];
	[-7.7256030321505163e-04,43];
	[-7.7321292759156585e-04,44];
	[-4.9429725408237557e-04,45];
	[-5.9195173069834055e-04,46];
	[-6.0710182450663406e-04,47];
	[-7.9868678256835566e-04,48];
	[-2.1159098397510981e-04,50];
	[-8.9061075478142542e-04,51];
	[-1.5720227150564381e-03,52];
	[-1.0658194325286637e-03,54];
	[-1.8141879614911845e-04,55];
	[-5.9076585311421831e-04,56];
	[-4.9538305318858045e-04,57];
	[-4.7042402829491821e-04,58];
	[-8.0892989864875557e-04,59];
	[-2.1768497277352924e-03,60];
	[-2.1765186942906728e-03,61];
	[-1.0709516992103703e-03,66];
	[-9.4596212895714093e-05,67];
	[-5.7107163796056885e-04,68];
	[-1.0777981223299936e-03,69];
	[-3.4769011924236604e-04,70];
	[-4.6427968623601040e-04,71];
	[-5.2819172340548733e-04,72];
	[-8.0059161222406292e-04,73];
	[-6.3869378546692909e-04,74];
	[-4.7676342653191520e-04,75];
	[-4.2885721087068771e-04,76];
	[-7.0504930283442737e-04,77];
	[-6.5706111192078255e-04,78];
	[-5.3931728170992566e-04,79];
	[-5.0318534933810213e-04,80];
	[-5.4228019780522946e-04,81];
	[-4.8692567875434649e-04,82];
	[-8.5182612305158625e-04,83];
	[-5.8395272158648078e-04,84];
	[-8.6356226689801357e-04,85];
	[-6.8939954180463430e-04,86];
	[-4.1712649323791001e-05,87];
	[-8.9941222145402738e-05,88];
	[-1.3152096878736353e-03,89];
	[+1.1481357877759267e-02,90];
	[+8.5922192632418033e-03,91];
	[+1.2044566886225785e-02,92];
	[+5.6564504062947205e-03,93];
	[+1.0220014599445477e-02,94];
	[+9.8380333751505976e-03,95];
	[-4.4852915741265835e-04,96];
	[-6.2686428285581438e-04,97];
	[-6.5451892285487280e-04,98];
	[-8.3486720371925348e-04,99];
	[-5.5795490538486662e-04,100];
	[-4.6458427387582234e-04,101];
];

%SVM 15 of 16
numsv15=96;
b15=-2.7546190370249441e-05;
alphas15=[
	[-5.1468566048501626e-04,0];
	[-9.5259342306726997e-04,1];
	[-7.2161377026244689e-04,2];
	[-4.4202856966072985e-04,3];
	[-5.1650097440097736e-04,4];
	[-4.3242408177621388e-04,5];
	[-4.9770328717030333e-04,6];
	[-6.4189923904823696e-04,7];
	[-6.1673332619156460e-04,8];
	[-4.9300285433164415e-04,9];
	[-4.9938183009603414e-04,10];
	[-8.2416097353351855e-04,11];
	[-8.3844588226336452e-04,12];
	[-5.6546780848251580e-04,13];
	[-1.5568503904524861e-04,14];
	[-4.4776584830040798e-04,15];
	[-4.2771318946940222e-04,16];
	[-1.1737372457084410e-03,17];
	[-4.3820040301845853e-04,18];
	[-9.6186639209000242e-04,19];
	[-4.7658540434557251e-04,20];
	[-9.5430867116129588e-04,21];
	[-4.7533891738440304e-04,22];
	[-2.9687905200458749e-04,23];
	[-6.7269018771849958e-04,24];
	[-5.6298752080508573e-04,25];
	[-7.2498734210591561e-04,26];
	[-4.6270375876823516e-04,27];
	[-6.9221516723036816e-04,28];
	[-4.7027883185733402e-04,29];
	[-7.0122970117664077e-04,30];
	[-8.5282306646794037e-04,31];
	[-4.8146798410739656e-04,32];
	[-4.8146580291499609e-04,33];
	[-5.4514004537661615e-04,34];
	[-3.2819296983203927e-04,35];
	[-6.7621490389104249e-04,36];
	[-6.7621490389095857e-04,37];
	[-5.5493620691939775e-04,38];
	[-5.5468527456979276e-04,39];
	[-5.5505391752925062e-04,40];
	[-5.5428956885864044e-04,41];
	[-3.1749106178052523e-04,42];
	[-7.7311969039795014e-04,43];
	[-7.7299014532971949e-04,44];
	[-4.9417726672669742e-04,45];
	[-5.9215394443231067e-04,46];
	[-6.0653718456438535e-04,47];
	[-7.9873964530220048e-04,48];
	[-2.1142939682747944e-04,50];
	[-8.9108397561920584e-04,51];
	[-1.5720307274105041e-03,52];
	[-1.0660795014365075e-03,54];
	[-1.8157079817381007e-04,55];
	[-5.9099832423598693e-04,56];
	[-4.9521293296204863e-04,57];
	[-4.7053503247499492e-04,58];
	[-8.0879159922019040e-04,59];
	[-2.1769854371657582e-03,60];
	[-2.1768105412324898e-03,61];
	[-1.0704542058430511e-03,66];
	[-9.4783574410789716e-05,67];
	[-5.7123550750120232e-04,68];
	[-1.0775911670184639e-03,69];
	[-3.4792905937701450e-04,70];
	[-4.6474063100010763e-04,71];
	[-5.2833488564792185e-04,72];
	[-8.0061743832423378e-04,73];
	[-6.3872575232570611e-04,74];
	[-4.7683243446753053e-04,75];
	[-4.2876639752693950e-04,76];
	[-7.0516206148663432e-04,77];
	[-6.5679795880036796e-04,78];
	[-5.4003731812872578e-04,79];
	[-5.0308303362701153e-04,80];
	[-5.4221933737150414e-04,81];
	[-4.8688532572930041e-04,82];
	[-8.5201757877563088e-04,83];
	[-5.8410948188299908e-04,84];
	[-8.6372925768595909e-04,85];
	[-6.8930688448210029e-04,86];
	[-4.1513499466290186e-05,87];
	[-9.0116945472512648e-05,88];
	[-1.3154669947689714e-03,89];
	[-7.1286837816403044e-04,90];
	[-5.3241164501688365e-04,91];
	[-7.4842305775312706e-04,92];
	[-3.4927735637534975e-04,93];
	[-6.3413837632908554e-04,94];
	[-6.1025146939322787e-04,95];
	[+7.2545765068265152e-03,96];
	[+1.0105958583049622e-02,97];
	[+1.0542765804754261e-02,98];
	[+1.3435777493166752e-02,99];
	[+8.9969411748719776e-03,100];
	[+7.5032974637238856e-03,101];
];

%SVM 16 of 16
numsv16=96;
b16=-3.5636189882574856e-05;
alphas16=[
	[+8.3092602205388222e-03,0];
	[+1.5322250029912539e-02,1];
	[+1.1617831238542580e-02,2];
	[+7.1432487509255314e-03,3];
	[+8.3371817934177975e-03,4];
	[+6.9899583260777647e-03,5];
	[-4.9667342586529647e-04,6];
	[-6.4060797481954926e-04,7];
	[-6.1558136865160818e-04,8];
	[-4.9168134414954881e-04,9];
	[-4.9805994986126150e-04,10];
	[-8.2268520143746662e-04,11];
	[-8.3739164585081341e-04,12];
	[-5.6375759619959308e-04,13];
	[-1.5443780872120570e-04,14];
	[-4.4693508973931464e-04,15];
	[-4.2667978790038107e-04,16];
	[-1.1721322880383115e-03,17];
	[-4.3713654379618438e-04,18];
	[-9.6057484551038182e-04,19];
	[-4.7540160699639734e-04,20];
	[-9.5293710068841263e-04,21];
	[-4.7421742778598082e-04,22];
	[-2.9547507382670480e-04,23];
	[-6.7134848292768254e-04,24];
	[-5.6186713402132211e-04,25];
	[-7.2310062511809548e-04,26];
	[-4.6216358777442920e-04,27];
	[-6.9085131016213873e-04,28];
	[-4.6900536969269013e-04,29];
	[-7.0012622134872811e-04,30];
	[-8.5158042120324947e-04,31];
	[-4.7998432464239048e-04,32];
	[-4.8066746915582064e-04,33];
	[-5.4377929818434699e-04,34];
	[-3.2715342558757669e-04,35];
	[-6.7460638087373794e-04,36];
	[-6.7460638087374044e-04,37];
	[-5.5365484274664178e-04,38];
	[-5.5365484274664406e-04,39];
	[-5.5365484274665956e-04,40];
	[-5.5365484274666997e-04,41];
	[-3.1594476045280671e-04,42];
	[-7.7173854751378551e-04,43];
	[-7.7186800496035525e-04,44];
	[-4.9312776571539961e-04,45];
	[-5.9068584219850091e-04,46];
	[-6.0571326714399011e-04,47];
	[-7.9700494541452957e-04,48];
	[-2.0982282812029591e-04,50];
	[-8.8962305163694968e-04,51];
	[-1.5698887177114341e-03,52];
	[-1.0649508526956702e-03,54];
	[-1.8056056855640692e-04,55];
	[-5.8956130363632111e-04,56];
	[-4.9394830845663428e-04,57];
	[-4.6918217274244595e-04,58];
	[-8.0744315301054144e-04,59];
	[-2.1730839048725472e-03,60];
	[-2.1729445710867005e-03,61];
	[-1.0691711226585121e-03,66];
	[-9.3492917351780332e-05,67];
	[-5.7005214033625383e-04,68];
	[-1.0764302883527459e-03,69];
	[-3.4680874832204283e-04,70];
	[-4.6315593716050673e-04,71];
	[-5.2741050603251143e-04,72];
	[-7.9928349533847209e-04,73];
	[-6.3736327032136908e-04,74];
	[-4.7593769611763229e-04,75];
	[-4.2765922681178213e-04,76];
	[-7.0344850516880649e-04,77];
	[-6.5539141695480257e-04,78];
	[-5.3862489205702669e-04,79];
	[-5.0213638108195715e-04,80];
	[-5.4108175110355935e-04,81];
	[-4.8544350217967003e-04,82];
	[-8.5083119333803333e-04,83];
	[-5.8286748244371111e-04,84];
	[-8.6238372419135672e-04,85];
	[-6.8788399932300903e-04,86];
	[-4.0659678854051170e-05,87];
	[-8.8802508881914331e-05,88];
	[-1.3141048904943802e-03,89];
	[-7.1185581205717417e-04,90];
	[-5.3144861080519008e-04,91];
	[-7.4684918922785642e-04,92];
	[-3.4764220201336405e-04,93];
	[-6.3289950396228165e-04,94];
	[-6.0907515586498698e-04,95];
	[-4.4759717762476596e-04,96];
	[-6.2589826330048705e-04,97];
	[-6.5315941292025219e-04,98];
	[-8.3365944735145573e-04,99];
	[-5.5664634561869745e-04,100];
	[-4.6329170535895105e-04,101];
];
